16	7.046507255100848e-05
28	8.610272295739884e-05
14	6.725012136946328e-05
74	3.720962569101072e-05
224	8.879051366798351e-05
62	0.00013689693730970146
46	2.3967640172419936e-05
34	4.6566642040636157e-07
2	9.871813886614929e-05
70	3.969035802573234e-06
20	0.00011704213636334864
18	4.680459328242316e-05
90	4.522146972534082e-05
96	9.523230146638446e-06
336	2.396339480371031e-05
322	0.00010988508720966592
228	2.5760157681408302e-05
78	0.00010620313951445493
140	1.712450125654446e-05
12	8.088853153490022e-05
260	7.680709728182622e-05
132	0.00011200034027019337
298	8.304130293257763e-07
112	0.00012718797807485208
352	0.00011798021884469671
118	1.7545493640259783e-06
144	7.016968322408412e-05
88	0.00013152820031861535
184	0.0006773120252150439
54	0.00012154135260467608
246	0.00012632445388597848
26	8.259484322265797e-05
40	2.7738698798604744e-06
38	0.00013505913076800922
52	2.6188483702877516e-05
358	5.5749816555555625e-05
60	0.0003482377007167408
0	1.9372691566389618e-05
306	5.4092524851539945e-05
242	0.0001183704670180569
80	4.853773812742344e-05
288	0.00046974027804941245
152	4.2857218234639615e-05
92	3.7428616577237456e-05
194	6.816315332544901e-05
154	4.650204046259884e-05
222	1.9408111294352885e-05
262	1.0204536837327072e-05
218	0.0
278	0.0001143848755609616
290	9.808811192032285e-05
248	2.0181451819231993e-05
116	3.251069891511824e-06
320	1.908652509304809e-06
94	3.720750910360654e-05
172	1.8378833458599573e-05
384	1.5367682949601308e-05
76	0.00012872963161825513
30	0.0002560573915486965
130	5.882743253553442e-06
58	8.840812174243616e-05
380	5.0013410653942644e-05
428	3.265985747159242e-05
170	3.7903356637091464e-06
82	3.511101232344085e-05
24	5.7528169438699517e-05
418	3.5867591323161695e-07
272	0.00014806308278675058
50	2.7764763657081974e-07
100	6.302063497802272e-05
166	0.00026490136801594823
122	3.0712299973465806e-05
376	0.00011110013768571697
344	0.0001323968469015508
160	0.00012441610624014426
426	5.817645620770484e-05
386	0.0001513442213528871
156	3.4284663828347396e-06
202	2.881159097598881e-05
108	5.168673824512329e-05
254	0.00010829260353578928
114	0.0
86	7.823951933481343e-05
410	1.083605362481502e-06
138	8.796465973126804e-05
462	3.5536906068452024e-05
48	7.537239917738255e-05
304	0.00010967186575137512
250	3.603274992286285e-05
10	9.260520815074853e-06
256	8.314559057117451e-05
148	4.3326885894813675e-05
42	0.00013870450516109442
128	0.0003592125998522405
32	0.00011278986252547787
64	2.7897469911709737e-05
414	4.928695146706834e-05
126	0.00011796267485916895
136	0.00011266448730181333
164	3.053420841951819e-05
150	2.546312101758307e-06
324	3.9381618869311064e-05
200	2.610227049598901e-05
174	0.00012531679920643862
236	3.65288342606336e-05
286	5.663687726514006e-05
440	7.464063997127044e-05
162	0.00016075926902623584
120	8.906921090213934e-05
72	7.750962089854623e-05
6	8.693884695769238e-05
318	0.00011403186105470645
186	0.00018325842368402138
192	0.00023595743807872948
300	0.0
330	3.8105277728460396e-05
408	1.2357775789806635e-07
420	6.418972103539572e-06
180	8.015670444643467e-05
190	0.000448963670408417
178	3.351400851770014e-05
216	0.00010926412441165492
268	5.163249870171343e-05
396	7.044771641947366e-05
104	6.872579616008254e-06
44	6.70410967801564e-05
446	6.88002961461991e-05
404	2.8499706809206652e-05
348	0.00015106922934916982
206	5.2347113493631165e-05
342	0.00021183639803624228
244	8.342468749735212e-05
266	1.3908384909873856e-05
168	5.5517411740343125e-05
354	6.840164618862634e-07
226	7.693133821479567e-05
68	8.734083855326853e-06
284	0.00014798355673029706
340	7.4796262473641026e-06
302	6.72665171391197e-05
188	5.5245922755625217e-05
416	0.00014071636172336444
436	5.986453320568954e-05
270	5.2121019030545184e-05
346	2.4766877172883615e-06
328	7.112887967903986e-05
238	0.0002547900414413734
198	4.1092107006977835e-05
232	0.00010116853084982766
310	2.3574125004806207e-05
274	2.0712997167373028e-05
102	7.630101286422098e-07
4	2.2726132112149293e-05
276	0.00011587932712082029
314	8.426473997893585e-07
210	3.4676167158934607e-06
220	1.1404995750333447e-06
450	5.007711550963952e-08
362	0.00024673931053959203
240	0.00016356870885810134
382	1.478389881198914e-07
366	7.26273809882735e-05
412	1.0644963982620512e-05
204	1.3017999479404555e-05
98	7.309939210819277e-05
124	4.790413622047484e-05
338	0.00014951622195990638
8	5.762390021569072e-06
282	2.5314934752983044e-05
234	1.2420478081944892e-05
208	3.888884000649468e-05
452	2.7578308951293103e-05
214	7.980669910441732e-05
280	0.00024416122484503995
294	3.831508590716585e-06
368	8.167520846107869e-05
66	0.0002028686709565345
146	0.0008665520315850475
292	6.090700995880288e-05
22	6.260599586684336e-05
252	3.2452324557204205e-05
230	0.00023332853268806934
350	7.554414981623024e-05
356	0.00032326897857896605
326	0.0003928143098827536
332	6.209562323195297e-06
364	1.6873364518157015e-05
110	7.812135207171884e-05
134	5.841100618526664e-05
84	1.9771413891986643e-05
464	6.759820324058008e-06
438	4.9930513674149824e-05
176	9.828319728283321e-05
400	1.0647284157856533e-05
258	7.584608186889973e-06
374	9.526343326300706e-06
308	6.029523606269762e-05
196	0.00046986551213702455
392	0.00011098129356844527
370	6.695929690810235e-05
296	0.00011713287327063459
158	0.0001037254662009914
448	4.7197004650058085e-05
394	3.219558898396094e-05
378	0.00010313424194894285
434	6.396015019392052e-05
454	0.0001937370073630073
142	1.863355933758144e-05
466	8.664087485688512e-05
406	1.6558832861854132e-05
212	3.7091979092339445e-05
422	8.186505334852807e-05
430	6.062062490359931e-05
390	0.0003884483799441152
460	8.007042682404254e-05
182	1.661128353211702e-05
106	5.928325176847049e-07
56	0.00033768911016790183
334	7.79324568529535e-06
456	6.141826945979362e-05
316	0.0001760413354875069
312	9.351119736466667e-08
442	0.00046926666273339966
458	4.519584641123602e-05
264	6.605590656471917e-05
388	0.00010102883395623101
444	1.9902333341542127e-05
402	8.39218532112503e-05
432	6.817912644890243e-05
424	0.0004506548656691233
360	9.669032919001297e-06
36	0.0001792761460898034
468	5.990200130029659e-06
372	1.656605118481044e-05
398	0.00012714878813851257
470	7.451474787834359e-05
