0	0.00015619073250280638
2	9.297475469971786e-06
4	0.00019551247744898536
6	0.0001517549573465236
8	2.471498123143945e-06
10	1.7134921019990348e-07
12	5.8783438600473285e-05
14	0.0001011632911476357
16	5.315829635648368e-07
18	0.00010547450541896383
20	0.00010103757012979842
22	4.867411309284343e-06
24	0.00011372305971573288
26	8.674888221975889e-05
28	8.803004063107188e-05
30	7.801740809703192e-06
32	0.00021716796047107088
34	0.0002512474598305413
36	1.0442221220443169e-06
38	0.00018167919704698655
40	0.00010700164799737673
42	8.801168188498788e-05
44	4.3573393535459973e-07
46	9.015816227638219e-08
48	0.0001197078655321562
50	0.00013307022592294322
52	4.5871026286430235e-05
54	6.706015502165495e-05
56	5.182345467457121e-05
58	2.4338791360301514e-05
60	5.8045183344002724e-05
62	6.984906396671597e-05
64	0.00013116518935856684
66	0.0001678094636021737
68	9.284487009430006e-05
70	9.724456036919085e-05
72	8.290637568380702e-05
74	8.859279471466485e-06
76	1.2761333578127945e-05
78	0.00015321814715908344
80	1.3212087498082023e-07
82	8.436628749156092e-05
84	0.00011759506981677023
86	0.00011904615355200753
88	9.691094590879487e-06
90	0.0001334571894025599
92	3.162288763767532e-05
94	0.0
96	1.3664957803791866e-05
98	8.075647317653778e-05
100	0.00010467521646185191
102	5.9493901341845366e-05
104	0.0003269279634394653
106	0.00016318809088526712
108	1.4711794720863093e-05
110	0.00012273351187900149
112	0.00019922515929864305
114	8.71006538518868e-05
116	8.7750262332621e-05
118	3.424417619709916e-05
120	0.00021983134911713557
122	6.039600886115793e-05
124	9.577092312825118e-07
126	0.00013359303121035442
128	0.0004985098202864586
130	9.328574707737838e-05
132	0.0
134	2.619318938766321e-05
136	4.484030322132164e-05
138	0.000113162340654194
140	3.540772922750178e-05
142	1.4854316112179768e-05
144	0.0003430266557012395
146	1.7187274188554775e-05
148	0.00022986554462397525
150	0.0001442666712066679
152	7.363683176309053e-05
154	5.607286448559234e-05
156	6.042563971320452e-05
158	6.859622365963378e-06
160	1.806714828686284e-05
162	8.71865580866119e-05
164	1.909472524393454e-05
166	7.812447367042568e-06
168	0.0001376255157840115
170	7.166955676102682e-05
172	0.00010590063734061296
174	0.00026152412151909466
176	0.00011412122029335722
178	0.000387465617067226
180	4.3390146811396315e-05
182	9.728597816645907e-05
184	0.00010044328218303815
186	3.20570491766651e-05
188	6.831549003416736e-05
190	8.96007558660079e-05
192	9.215252374849285e-05
194	2.3858708542419846e-05
196	8.083562063798227e-05
198	0.00011883246424764028
200	7.322594385008157e-05
202	2.4920853343668004e-05
204	1.4752547984056092e-05
206	5.634801603770763e-07
208	0.0001685968918742336
210	0.0002586760549316507
212	1.7522392166906048e-07
214	2.947957066127528e-06
216	3.292109166296233e-05
218	0.00012574026897188965
220	3.194440651462935e-05
222	3.1377352750989384e-07
224	0.00018190092757576016
226	0.00012895118852922118
228	1.2225455917874546e-05
230	3.111390553455851e-07
232	3.771010893223098e-05
234	0.0005569073443332988
236	0.00013944372890216603
238	9.266188148293952e-05
240	4.0828758981506187e-05
242	8.16994267741635e-05
244	2.0836688718221025e-05
246	5.1933295947845674e-08
248	0.0003239449229377679
250	0.0002561553266386337
252	4.4660844306409676e-06
254	7.781007035089613e-05
256	0.00026078978936990206
258	9.729050772622077e-06
260	2.1520894793904235e-06
262	0.00010936961477976051
264	9.117697062103896e-06
266	5.5901767275485435e-05
268	8.296879145784336e-06
270	0.0003999723218710256
272	1.2748422020390526e-05
274	1.8682529351134383e-05
276	8.257955746397937e-05
278	0.00015940082123443522
280	0.00014163288401576837
282	3.9316975474522685e-05
284	0.00010090128994535519
286	0.0
288	5.638495171552898e-08
290	5.03500330266375e-07
292	0.000194867066939954
294	9.24917341831213e-05
296	5.8258475372718284e-05
298	8.191675073077473e-06
300	0.00010915125447834015
302	0.00035653229376098397
304	0.0001646478708903972
306	3.0381818782531307e-05
308	0.0006890944724303897
310	0.00012207696361536238
312	4.2678674644760494e-05
314	2.9711051871323657e-05
316	0.00023843953034571373
318	0.00011105238407712397
320	9.734717883613438e-05
322	0.00013668217030190046
324	0.0002184397128711025
326	4.716246830585979e-05
328	9.249188847778786e-05
330	3.1708739377160925e-05
332	0.00021320591281639984
334	0.00015051807620441147
336	4.108604961158935e-05
338	0.0006194253042383241
340	1.38655159677046e-05
342	6.213572922822774e-05
344	3.302649328275341e-05
346	4.060510337437239e-05
348	9.562283971868944e-06
350	0.00015967903998896068
352	0.00037503925919028715
354	0.0006230187827478018
356	2.6420468760871534e-06
358	0.0003370334496833964
360	2.955106604397237e-05
362	6.319263232385444e-05
364	4.9211199474130885e-06
366	2.3236869907188895e-06
368	4.356919968957669e-08
370	3.9094041022142376e-06
372	3.5065531112509197e-07
374	0.00042399075629955414
376	0.00023892509601162087
378	9.241844789061217e-05
380	1.1265991400938272e-05
382	8.929829013323712e-05
384	1.921126910856743e-05
386	1.4208176418389678e-05
388	0.00022054525130193423
390	0.00025679619725128003
392	5.0856179684506846e-05
394	6.585455893189073e-05
396	0.00016933774763507774
398	2.737067698693028e-06
400	0.0001245960537061123
402	1.7747151458664385e-05
404	5.2941907925997175e-05
406	7.889185881953305e-05
408	4.420977650140191e-05
410	0.00012289783923683211
412	8.223898100507046e-06
414	5.5582395164059424e-05
416	9.209811628454792e-05
418	3.1511929714982604e-06
420	4.547629153430244e-05
422	1.3109175755608966e-05
424	5.1367522049555486e-05
426	5.6709821151682236e-05
428	2.7667469794671387e-05
430	8.874445601604505e-05
432	0.00013445547822524989
434	3.4648640467308745e-06
436	1.7410672872549245e-05
438	4.581284023274249e-06
440	3.696066493429883e-07
442	0.00010879315738207212
444	1.0442837461629254e-08
446	9.566728274761993e-05
448	0.0004211428952595747
450	8.875106487702171e-06
452	8.687628619309394e-05
454	5.484147714069413e-07
456	0.00013817527781333179
458	7.888983544624157e-06
460	9.623612298347164e-05
462	7.274386760745866e-05
464	7.040251599224174e-06
466	3.033423535755853e-06
468	3.0166591031437545e-05
470	0.00011123519548870671
472	6.228137111409817e-05
