0	3.947146327158459e-05
2	4.508529048493948e-05
4	3.619016563017765e-05
6	2.8759478226566993e-05
8	1.324986547092066e-05
10	8.388948963328318e-06
12	2.3807752578819532e-05
14	2.0642640377727794e-05
16	4.018743752736543e-06
18	3.926382923257052e-05
20	2.1955782848147383e-07
22	2.9926145330970875e-05
24	1.533324838062995e-07
26	1.8308223619967473e-06
28	2.42963523627453e-05
30	0.00016883321805171087
32	1.0965438811992258e-06
34	5.957936686154186e-05
36	8.016207233241676e-06
38	5.087822482433593e-05
40	0.0004154634734467678
42	6.104957858707018e-07
44	3.477348819458536e-05
46	6.345419305011091e-05
48	1.173340524750803e-05
50	3.0158108399487257e-05
52	4.5503020060310975e-07
54	1.1340738097313027e-05
56	9.58225054489988e-08
58	1.1788670054001492e-05
60	1.5933097595755866e-06
62	1.5837325476412282e-05
64	1.6754703276157717e-05
66	1.837509217251968e-05
68	5.025340980257039e-05
70	0.00012515074214311859
72	2.0080352904557835e-05
74	4.7589712494723744e-05
76	4.292836047764207e-05
78	4.259337604488018e-05
80	2.4295249371412185e-05
82	6.047127039858624e-05
84	2.1897563479982503e-05
86	4.5507942115995524e-05
88	3.788620519764747e-05
90	4.214082096137406e-05
92	9.990428751163373e-05
94	2.5369722534691336e-05
96	0.00021798219238893204
98	0.0001496509235206166
100	1.690707237329437e-05
102	7.4039152535730226e-06
104	1.541540985658951e-05
106	1.5042336372099715e-05
108	3.693390283143534e-05
110	2.132698571090513e-05
112	5.799411826770479e-05
114	6.233940482285554e-05
116	4.910157484543199e-06
118	3.7589281541616134e-05
120	3.3605872353384807e-06
122	0.00011758237865146026
124	9.118249609466056e-06
126	4.4786058685394144e-05
128	6.288478808162087e-05
130	5.001049790691518e-05
132	5.4933106745289044e-05
134	3.154920973526527e-05
136	5.291536509926552e-05
138	1.6041472225120675e-05
140	1.8367826273492305e-06
142	3.0142307982403368e-05
144	1.628834676508867e-05
146	3.520394706256444e-05
148	1.55775193337942e-05
150	2.8691380427077708e-05
152	8.44050341035597e-07
154	7.523560045392322e-05
156	3.6905112142249615e-05
158	1.9694525990018557e-05
160	3.5313159457559304e-05
162	1.5383230671332883e-05
164	1.2998180524727794e-05
166	3.9429893835181785e-05
168	1.9422619819922128e-08
170	6.2603697775785745e-06
172	1.5642095410666774e-05
174	6.913449495006123e-05
176	3.9429126105064e-05
178	7.565933563660795e-05
180	2.5014321542500438e-05
182	8.513430482211117e-05
184	0.0001445580006594055
186	6.609400532662921e-05
188	0.0
190	1.3423665871809783e-05
192	9.298132720546155e-06
194	2.082453862256039e-05
196	3.744229848074072e-05
198	4.006495711556739e-05
200	1.6609166348659324e-05
202	0.00011688924911878713
204	3.270723001255255e-08
206	9.00722304384792e-06
208	5.87266553603968e-05
210	1.265670507934578e-05
212	1.5420418150161019e-06
214	7.70010876915792e-07
216	4.34853868395933e-05
218	4.828527464419292e-05
220	0.0002265143764046752
222	1.643988341633792e-06
224	6.344072113292463e-05
226	1.0404515712679296e-05
228	5.536539348522131e-05
230	7.456292794843712e-05
232	8.651839300634049e-06
234	4.650742932693162e-05
236	2.3601799477543785e-05
238	2.052360298062943e-05
240	2.148972984302415e-06
242	4.0313908664713054e-07
244	6.056403973832892e-07
246	2.2888362831078487e-05
248	0.000695969254060483
250	1.1730343734737081e-05
252	0.0
254	2.3561536434329537e-05
256	2.3072637293770143e-05
258	5.69088936320505e-05
260	2.382459710233614e-05
262	7.799272212089751e-07
264	9.303218734822791e-05
266	7.811399641119554e-05
268	6.482229009927086e-05
270	2.889338506861086e-06
272	7.178988365315459e-06
274	3.266990746476106e-08
276	1.2176745790247353e-05
278	9.035335434792212e-06
280	4.766110181705573e-05
282	3.273461398201818e-05
284	0.00031005573368187643
286	6.243952560212664e-08
288	0.00021247846232146051
290	6.555997561701919e-07
292	3.932387601487418e-05
294	6.204587325051093e-05
296	1.084167819348296e-05
298	2.1328054193575723e-05
300	3.092303384041438e-05
302	3.5920888367123714e-05
304	5.554234122181164e-05
306	3.042638904470507e-05
308	5.251315257047017e-05
310	0.0
312	0.00011409175077469121
314	4.688047889346523e-06
316	2.7561625929085196e-07
318	1.0995656487519012e-05
320	0.00015671035026196007
322	3.3076243335163054e-05
324	2.1635568087187413e-06
326	5.206045020633219e-05
328	5.803826994816932e-06
330	1.2829512304332181e-05
332	6.3030671014488e-05
334	0.00013361893516471428
336	5.42510686191876e-05
338	3.615564926753562e-05
340	2.0416781547865588e-05
342	5.6732699936566185e-06
344	5.646002446874244e-05
346	3.526923319541579e-05
348	4.8246644749533194e-05
350	2.3114070809683135e-05
352	2.746618019337452e-06
354	3.299981799288471e-05
356	0.0005106429499058743
358	3.8656771575923484e-05
360	0.0003687499430543962
362	2.3828919804693345e-05
364	2.2025524681514815e-05
366	2.5258672781893138e-05
368	5.117860140853056e-06
370	9.06081806766692e-06
372	2.618597753476053e-06
374	2.4433762543724512e-05
376	4.899941571579329e-05
378	0.00013226928609312138
380	1.9890497347811888e-05
382	5.668854274007247e-06
384	3.781545402704552e-05
386	1.9257391910523374e-07
388	8.601524234337612e-06
390	3.838891527782124e-06
392	9.615263995365602e-05
394	5.777040136642879e-05
396	1.4863459376970234e-06
398	3.2076117137634092e-06
400	2.1862309128236865e-07
402	5.461909889709964e-05
404	0.0001139024274035894
406	2.073061077842062e-05
408	2.721861272860934e-05
410	2.7421172723424902e-05
412	6.0555647072452774e-05
414	2.3900848393576303e-05
416	3.741874821107858e-05
418	1.0486523016073414e-05
420	1.4067783347100923e-05
422	1.467612058277237e-05
424	7.347532150678895e-07
426	9.739822870932208e-05
428	1.814559152473834e-05
430	0.00011497509056806762
432	0.00018463327000946113
434	0.0002694422909472831
436	1.3908914762612555e-05
438	5.6389842752213364e-05
440	1.0564530594005414e-06
442	3.103667982310349e-08
444	4.1562378888017124e-05
446	5.945383750788096e-06
448	6.258473702258285e-06
450	0.00025884259398802854
452	5.6404840444356305e-06
454	0.000344848917630372
456	3.772661952008068e-05
458	2.437962467097236e-06
460	1.1809427987154736e-05
462	6.053392471798043e-05
464	0.00011543830716346963
466	2.6098578046222817e-06
468	0.00021419064711524863
470	3.835206697161384e-07
472	7.060758154335431e-06
