112	0.00018659365183404551
190	6.01896422830905e-05
38	0.0002098847605016193
110	0.00015376950500564459
46	8.437382517577332e-08
54	0.00011085127307511394
344	2.6639315400213237e-05
164	1.2300112591171476e-05
32	0.00026954858349768847
10	1.4889662704831416e-07
34	0.00022416155014932305
108	5.499701001719386e-06
40	0.00010180180071037543
118	3.550222785154093e-05
244	4.536585769838476e-06
300	9.410341907377249e-05
26	0.00012898111487029675
438	3.690644192927665e-06
28	7.3399489592301e-05
6	0.00014610479054609745
446	0.00021645765662742746
270	0.0003267413886836701
106	0.0001780891272037794
340	1.7985811746285574e-05
232	1.581093500008575e-05
236	0.00014502012554354723
178	0.00026524709027665944
400	0.00012639383355314717
66	0.000157657128639045
8	2.563885941590555e-06
262	9.493561657415908e-06
92	3.11001669844478e-05
360	1.3543181518824705e-05
168	0.000145554096433741
202	3.8918979421504276e-05
134	1.784576128779401e-05
154	5.580697721456419e-05
14	9.282744653501454e-05
332	0.00017649450625279334
304	0.0001203956391455593
80	1.0512501128834667e-07
90	0.000151313363722978
4	0.0002380472807798558
20	9.697209181664899e-05
30	3.1455319383988668e-06
12	6.450681090400201e-05
210	0.0003893546567340921
146	3.526519511699421e-05
48	7.08777490009317e-05
50	0.0001283106648916354
44	4.4318997723652083e-07
186	6.647376828076247e-05
380	5.894637804999193e-06
18	0.00010195199059171885
144	0.0004657441788989252
322	8.926251937035163e-05
260	2.032138418151432e-06
104	0.00046611427015038335
130	8.822445090603525e-05
278	0.00014574789552675903
238	6.682093243115652e-05
170	7.08111624290154e-05
162	9.478190731512845e-05
384	6.96850579251445e-06
172	0.00011425068103678824
328	0.00011601812221556055
152	5.891864394517174e-05
224	0.00016159958978564527
252	4.179119761355797e-06
370	2.2017855171778567e-06
226	7.259930332250676e-05
346	7.998580757403624e-06
156	5.7997251035222985e-05
140	2.6851622942665792e-05
318	0.00012503865086109837
76	9.61060022981381e-06
132	0.0
314	1.3462602976151459e-05
192	0.00010110322596742238
72	9.69718125712967e-05
166	3.146131412505771e-06
218	0.00010124192298444198
64	0.00011546594551396741
390	0.0002815387869799698
2	3.4714488421908656e-06
16	3.172984988688087e-07
84	9.707636879210995e-05
352	0.0004509498590140833
70	6.70423969408412e-05
184	8.582147672124025e-05
100	0.00013704245917368847
258	6.89344692768513e-06
416	0.0001832778690440142
334	0.00014768223110138748
264	1.4437841007564824e-05
52	5.2262002401982214e-05
286	0.0
296	7.427169696454948e-05
230	1.3470500458313795e-06
126	0.0001493418080381448
120	0.00015767236761454864
468	8.600091454139855e-06
434	7.143259996752218e-08
214	1.7082830343836933e-06
336	7.036431725882211e-05
82	0.00010842121088779382
358	0.0003681490067446442
422	5.07734063479811e-06
148	0.0006425885215712284
206	1.1755779078574957e-06
88	1.3106752779898595e-05
138	0.0001110635104326943
198	0.00011934380823742932
0	0.0001451739450112051
62	0.00011494220952403106
442	7.783506137704727e-05
158	2.52591502620667e-06
124	4.2894175387769594e-07
312	4.9882518820121455e-05
176	0.00016179457076879642
212	1.362988172085709e-07
402	2.0984242791489453e-05
412	8.684366549476209e-06
136	7.097532537503902e-05
160	1.636837124160285e-05
276	0.00011413812643932878
220	7.394677174807602e-05
102	6.738326780728255e-05
42	8.805163551962385e-05
274	6.927088881389531e-06
392	3.5096481471504475e-05
368	2.3355829247366648e-08
188	6.272339277804238e-05
96	5.160865892119964e-06
94	0.0
292	0.00021678473125880771
222	1.0857018870014417e-07
60	1.0894617190420417e-05
122	5.915687035400552e-05
174	0.00037249164835250804
234	0.0007672924403589208
228	1.47752538716563e-05
338	0.0011420277231081557
444	8.495293907716173e-09
364	3.904999322950337e-06
216	4.187428808620862e-05
150	3.544614453873578e-05
454	4.752062174157885e-08
418	2.1238152131205204e-06
98	8.43869888453981e-05
396	0.00021121378767379273
68	4.16433727810691e-05
308	0.0006744100573885214
306	1.327647682115086e-06
194	8.447482895334423e-05
58	2.8818920302935087e-05
310	0.00013579539744463395
36	6.8498290946073e-07
288	1.4988118620538087e-08
452	0.00014999700380825113
24	9.28489858634524e-05
208	0.00022064722651381078
78	0.00015580826285248255
462	8.150333599792224e-05
22	8.30444122854584e-06
410	4.607367430987718e-05
180	4.036152975735506e-05
388	0.0001626075212790456
250	0.0007655209943492115
242	7.790641579116308e-05
456	0.0001337714697231907
200	0.00011917248068987667
290	2.7611882445903287e-07
376	6.589084977447082e-05
116	9.377143926926383e-05
354	0.00045711837694861556
348	8.168938122473105e-06
342	7.993757712271209e-05
302	2.5565766283361586e-05
366	5.407716813295065e-07
324	0.00016490738070495503
74	8.3637738076655e-05
182	0.00010232657343579124
404	2.5095954224546038e-05
284	0.00010172609811104733
128	5.662762979990248e-06
326	8.891680659460876e-07
280	0.0001579294361910885
320	0.00012296619970141232
298	4.812870136786053e-06
448	0.0004430219841872124
458	1.0655382672317327e-05
430	6.887786108065782e-05
378	7.336406256498632e-05
114	0.0001322977252080394
56	0.00010259506025843868
460	6.997164530553561e-05
350	0.00010273241225920107
362	0.00024825077358668607
408	0.00020312947025246178
428	1.0087360072591486e-05
266	7.281255766368417e-05
382	5.350925467125758e-05
142	1.6974977726733892e-05
420	2.589372323755385e-05
436	1.4203877934111434e-05
256	0.00012287711563817527
466	4.628547357329875e-06
398	1.5266283585012433e-06
374	0.00046527829669722805
196	0.00015409079944255925
248	0.0003061451664188346
406	3.6812088207824094e-05
472	8.35952371276416e-05
450	4.686221125552532e-06
464	1.0349524349388021e-05
246	2.781798759909354e-08
282	5.12165546692447e-05
268	1.4685638260848237e-05
394	5.2184433250249906e-05
254	6.693106694871254e-05
294	9.329096406417796e-05
330	3.00769066235481e-05
386	1.6176888599168404e-05
240	4.2722671373527236e-05
440	1.5981056431773221e-06
316	0.00011564489890633582
426	0.00012688590440629527
432	0.0002679276479310285
86	0.00011348771050441219
272	2.1893648520736548e-05
424	3.95048002274774e-05
372	1.3813295374678168e-06
470	0.00020363574892279975
204	1.7203498968118533e-05
414	5.959436134106383e-05
356	8.185037463680057e-06
