0	3.193359628689853e-05
2	0.00011298825234958521
4	2.9259481344390008e-05
6	0.000127431720668998
8	1.6553057587243736e-05
10	1.4732181064977396e-05
12	0.00011420605594343006
14	0.00011683619193012912
16	0.00010997214687883044
18	0.0001021899353465713
20	0.00019215496657650565
22	8.481137986972255e-05
24	0.00013691431484115662
26	0.00013347735031975238
28	0.00012820732113262684
30	0.0004172751661418496
32	0.00013227066202067198
34	1.080115258460503e-06
36	8.53533159851969e-05
38	0.00011628461986737424
40	5.786343106544848e-06
42	0.0001808903744587467
44	9.596464363339732e-05
46	3.780413498476465e-05
48	0.00011374681706287713
50	5.921735320135905e-07
52	3.6316720951180316e-05
54	0.00018333870656981563
56	0.000545051889128627
58	8.560617380544923e-05
60	0.0005477389056681081
62	0.00020521463812866992
64	5.709205068572825e-05
66	0.00024155771693020264
68	2.974384366740518e-05
70	1.1604214737771834e-05
72	0.00011966921165436925
74	4.281760705204993e-05
76	0.0001265040030281644
78	0.00015353402475684657
80	8.599426655544918e-05
82	4.608390864708549e-05
84	7.627748412828502e-05
86	0.00013723393880034135
88	0.0001707143714114034
90	5.617626493445635e-05
92	6.2577328455459e-05
94	3.161661052402079e-05
96	2.069610223190901e-05
98	0.0002687320575406414
100	0.00010214241723390914
102	1.6554430250378126e-06
104	1.0522069858399734e-05
106	1.4984122866834044e-06
108	7.627850190550982e-05
110	0.00015699349334244894
112	0.0002659235609700193
114	0.0
116	2.537619419818243e-06
118	2.1240547122259886e-06
120	5.202536544747345e-05
122	6.965305820444874e-05
124	2.879871550973851e-05
126	0.00015970778819664563
128	0.00045211788072318284
130	1.7116217708618176e-05
132	0.0001900311974714645
134	8.880442794023454e-05
136	0.0001640151463484816
138	0.00012456499577342224
140	7.089262879248318e-05
142	1.656912399190434e-05
144	0.00012025909410765053
146	0.001570254947563442
148	6.451153011305299e-05
150	1.5960171398661624e-06
152	3.50947161396472e-05
154	4.728018869800018e-05
156	8.086651911907864e-06
158	0.00025642459572195196
160	0.00017824806273464747
162	0.0002184639507651092
164	5.53173867727787e-05
166	0.000484368091579225
168	9.465043013232983e-05
170	7.0456410086056375e-06
172	3.4956354970417184e-05
174	0.00018661175772703362
176	0.0001498920570404238
178	4.034676380560517e-05
180	9.959071096938253e-05
182	0.00026495340493074563
184	0.0008020847452164845
186	0.00025255786697864056
188	7.708427706933119e-05
190	0.0007443330427799549
192	0.0002852953138237359
194	9.503074672928697e-05
196	0.0004947046527128202
198	0.00013016219467572288
200	4.671267410163041e-05
202	6.490306350701689e-05
204	2.401018788523691e-05
206	4.1148868429839616e-05
208	5.467317917593276e-05
210	6.104009841228351e-06
212	2.9430381401846423e-05
214	0.000143254047579083
216	0.0006391228481386508
218	0.0
220	1.5525476216164513e-06
222	2.7046665363638966e-05
224	0.00011272854862422454
226	0.00011952547590126019
228	5.3589252153331416e-05
230	0.0003894120479191453
232	0.00018249983867810735
234	1.6799250714014148e-05
236	7.81648391363518e-05
238	0.00030986792239860473
240	0.00022898784747111837
242	0.00023839666486644886
244	0.00014496439675697623
246	0.00016866235736197604
248	2.9297452024194914e-05
250	0.000146657474444353
252	5.9550899655048196e-05
254	9.557112283811351e-05
256	0.00019298884850764048
258	8.967540033594734e-06
260	0.00013489862378442133
262	0.00021583244130159648
264	0.00010095055007274984
266	3.33128044021902e-05
268	0.00011178252512039524
270	5.382572595287035e-05
272	0.0001643597235976281
274	7.191952289010752e-05
276	0.00027419481618580954
278	0.00030278948777546333
280	0.0003543409694897483
282	4.9763450155704546e-05
284	0.00017534435156251995
286	3.977433773748168e-05
288	0.0010422675141917358
290	0.00020431381374627367
292	7.78172121368514e-05
294	2.1957732450859818e-05
296	0.00027535519822945024
298	1.366464414613412e-06
300	0.0
302	8.041555528073077e-05
304	0.00020907361049754054
306	0.00010654588968912701
308	5.793916986474e-05
310	6.866688335981583e-05
312	2.666404913946183e-07
314	6.576943906923872e-06
316	0.00032767316511954575
318	0.00017199767080252975
320	3.75553508839031e-06
322	0.00017336164349491173
324	7.183416616515346e-05
326	0.00045068799948098215
328	0.00010302849972045916
330	4.793578261560987e-05
332	7.199678877434645e-06
334	8.662753558378626e-06
336	0.00012462990461189292
338	0.00029695303499149335
340	1.3803947535671375e-05
342	4.235229513709033e-06
344	0.00021388767557449056
346	4.135867028481586e-06
348	0.0003412588534038187
350	0.00017300651057003315
352	0.00041427452539803504
354	1.4209046897614934e-06
356	0.0004032715724266416
358	7.753766793742613e-05
360	1.2034888805830309e-06
362	0.0007840642265303506
364	2.330277871303687e-05
366	0.00011503425765674399
368	0.00012982226562163198
370	2.5740347081313835e-05
372	1.7877839409077554e-05
374	2.3916171256410548e-05
376	0.00015100656869646565
378	0.00022949326252293337
380	6.727103520041142e-05
382	2.2404634632388854e-07
384	2.2963668658485938e-05
386	0.0002371214300124905
388	0.0002536664045738944
390	0.0006869328683809677
392	0.00020607588262251596
394	0.0001048893986919697
396	0.00013036713357175757
398	0.0003145392442238511
400	2.1573705471280936e-05
402	0.0001117251325427898
404	0.00013970698218890634
406	3.359850142802827e-05
408	2.2361240507672206e-07
410	5.550343768802717e-07
412	2.629447937845689e-05
414	0.00017282371745126532
416	0.00012884159145339498
418	4.256654433485746e-07
420	1.2222606363570221e-05
422	9.715680074594185e-05
424	0.0005837464629509305
426	0.00020621902916746602
428	0.00011572062669967585
430	0.00013148054049138793
432	3.250832331288895e-07
434	0.00039551554374560983
436	0.00011414790690564186
438	0.0001339797655451998
440	0.00016214176114702416
442	0.0014778604762439476
444	6.407997587051885e-05
446	0.00017238693514267444
448	1.1821208477414163e-07
450	1.9702014129023606e-07
452	0.000130288495812561
454	0.0003688416519123361
456	0.00032548905179704104
458	1.1270971080315378e-05
460	0.0001929412623089268
462	9.017500551483335e-05
464	6.154986045024727e-05
