0	6.466130518171543e-05
1	0.0005162697333667308
2	0.0020178260308161074
3	0.00016220171919115308
4	0.002766193201917208
5	0.0011173992341407275
6	0.0014845806224207713
7	0.0005467728100081913
8	0.00025609971399676414
9	0.0001469717988902251
10	0.00015499042331582695
11	0.0003816386382890777
12	0.0006386020612185373
13	0.00034314504050896207
14	0.0001486764944098575
15	0.0005904941433242084
16	0.000687935947160618
17	0.00031630658544084156
18	0.00025589073813656125
19	0.0011049639257197266
20	0.0011888315550447432
21	0.059637057244549374
22	0.00028667723232679294
23	0.0005420285391959344
24	0.0006512403292640532
25	0.00043305220792463905
26	0.00025862694000898523
27	0.00045570057143588366
28	0.0008302950375609727
29	0.0004170441118267861
30	0.0006584460295195769
31	0.00013754923589007133
32	0.00041871716959968405
33	0.0004618928730956798
34	0.010196675976797498
35	0.0007290634998811993
36	0.00016228405585533187
37	0.00015023842223496964
38	0.0009503182157329359
39	0.00016539886350051827
40	0.00037272432786251015
41	0.00018823625117328802
42	0.0006867094594912987
43	0.0004337619875053115
44	0.00021856220762699632
45	0.00023714249428268946
46	0.0006634655154786049
47	0.00040186337845349177
48	0.00014571021543974272
49	0.00043492548766237463
50	0.00031416705181102847
51	0.00014081157088492082
52	0.00016029413828771234
53	0.0008749333689640669
54	0.00027681074457401003
55	0.0007328851347201214
56	0.00027071171243904393
57	0.00022177480778440447
58	0.00020721079487464006
59	0.00036542440274742026
60	0.00032130208466213774
61	0.00701651294344587
62	0.00013238312741400624
63	0.007309847365867078
64	0.00034494769954648087
65	0.00035315067313293307
66	0.0002484150664871241
67	0.00014549558253594552
68	0.00026560980853490644
69	0.008346249265250436
70	0.0006093433246785877
71	0.0006698006126761754
72	0.002361230970401332
73	0.0008017280088902369
74	0.00045436988100067377
75	0.0031654463656348047
76	0.0003155766677696199
77	0.0007800221380633903
78	0.0011312529279381327
79	0.000881226975321709
80	6.350806711336967e-05
81	0.0001567755461273229
82	0.0006702108637039732
83	0.0003492469300767476
84	0.00020804578799104355
85	0.00017901434052931077
86	0.00013848287567773385
87	0.001216038922620016
88	0.00014369466973736576
89	0.0002129388128892629
90	0.0005002866118609772
91	0.00018216755172243969
92	0.00024241847766851878
93	0.00022878722304246402
94	0.017532484254124705
95	0.001522326896754943
96	0.00027947733470432327
97	0.00016221627866467257
98	0.0008948996379787859
99	0.0027669544761575455
100	0.00017270188306310236
101	0.00018321075278964524
102	6.350806711336967e-05
103	0.00014767233595273016
104	0.00025724636269265665
105	0.0002328854266357721
106	0.00014282017147496996
107	0.0010370726809067463
108	0.00023588832956620133
109	0.0013299808572050115
110	0.00015141635549262967
111	0.000668628736343795
112	0.01719978226025117
113	0.0004945994680085342
114	0.0001457146362270749
115	0.00016020314540484592
116	0.00013619791344376871
117	0.0006313098395833441
118	0.00025070417995704756
119	0.0013841116797764356
120	6.350806711336967e-05
121	0.0006393437059398904
122	0.00024495734830834285
123	0.0022248554469036096
124	6.609750658880673e-05
125	0.00017004215050161721
126	0.0015897935270444462
127	0.00014727267185258766
128	0.0020736528255385018
129	0.00017109490323172376
130	6.592847039233871e-05
131	0.0002265839518100171
132	0.00014155776920242623
133	0.00016162740472046904
134	0.003977185802344229
135	0.00014043383780458566
136	0.0002249309875888688
137	0.00032956246341107653
138	0.00042903288435926744
139	0.0004862039960362718
140	0.0003276453714485493
141	0.000399817856622351
142	0.001342693179798324
143	0.00015649085140956613
144	0.00015719245564792394
145	0.0003278692392986744
146	0.0007476260575881839
147	0.00016094612673641013
148	0.0001696265646616886
149	0.00041922716583554185
150	0.0003601181797248289
151	0.0013811187993185213
152	0.0001332435119623061
153	0.0002044713293342895
154	0.0008750336893643527
155	0.0002704322672832859
156	0.00018960471780783898
157	0.0006535390690313855
158	0.00024828197269342444
159	0.0005467646742888021
160	0.00016035398003896205
161	0.0001664407030645153
162	0.00014081072837014025
163	0.00014256470681127756
164	0.0002321008430711982
165	0.0004425037022374335
166	0.00019792059301866998
167	0.0012174930575938377
168	0.00018232896880414042
169	0.0003676977675896581
170	0.0001459266133806297
171	0.000742564492826871
172	0.0002530945574663514
173	0.00029081796790267464
174	0.0009581062070622002
175	0.00015997877329171597
176	0.00039591045378680866
177	0.0007207767579453872
178	0.00017471976329845164
179	0.0023467765513965843
180	0.0001523368940281386
181	0.0018456082899723624
182	0.00016402200842421006
183	0.0003985684096114651
184	0.0003654271850639533
185	0.0011171404792533336
186	0.00023551901323374234
187	0.0002704362409411347
188	0.0005120587994671476
189	0.0004996320791125467
190	0.0002198376058439701
191	0.0002419099583147069
192	0.0005987646735074367
193	0.0004626581136068858
194	6.350806711336967e-05
195	6.350806711336967e-05
196	0.0004196268704502591
197	0.00018795585945942047
198	0.00017993000916745883
199	0.00014597762248146388
200	0.0001538425857901313
201	0.0011844003256099756
202	0.00031910268468589564
203	0.00015455930313926046
204	0.0004186687128397622
205	0.00022363069710446088
206	0.00041573168736474533
207	6.350806711336967e-05
208	0.0002212383996418157
209	0.00013775060485605786
210	0.00012713107513547784
211	0.0018636103429246677
212	0.0003147040657326217
213	0.0002304699328501289
214	0.0002674179432532403
215	0.0008532231704309261
216	0.00015892921008008927
217	0.00160163825158265
218	0.00019652725935630284
219	0.00019107865952488874
220	0.0002710339400929311
221	0.0002873682449586499
222	0.00027854763657685837
223	0.00013841600201374094
224	0.0015844392033899611
225	0.00014183212747868103
226	0.00040969551760146767
227	0.00030830619830995374
228	0.00015633903330300277
229	0.0003509599467448255
230	0.00042502512958069485
231	0.00014882387760260785
232	0.00014281528344925332
233	0.0001519909391870433
234	0.00034811440546521133
235	0.00015726117017130726
236	0.0004463068443636639
237	0.0020986021444713873
238	0.0003899544093586836
239	0.00026609862878392585
240	0.00014468491391035217
241	0.00028377413010314146
242	0.00014162065321377866
243	6.350806711336967e-05
244	7.172257487213728e-05
245	0.00018889990628460855
246	0.00027760276858386837
247	0.0001896215268810577
248	0.00017459243068270147
249	9.47819414676904e-05
250	0.00013301641426726287
251	0.0002340437356121347
252	0.007642538099222412
253	0.00030229838074421046
254	0.0004634425392559533
255	6.350806711336967e-05
256	0.00023873877704186242
257	0.00021354633665686927
258	0.00040236096415316317
259	0.0001523734880816744
260	0.0001387804054402185
261	0.000172106323437452
262	0.0008522124911171643
263	0.0019810717564628603
264	0.0006341995466678613
265	0.0002682523957307501
266	0.00018056432288310694
267	0.00016188554890064202
268	0.00028842206339070814
269	0.002935605388087576
270	0.0008136301464547032
271	0.00022820037453689522
272	0.002163362897714981
273	0.0005676939914289584
274	0.0035532147747644894
275	0.0014694301749555924
276	0.00015426070864108053
277	0.0001984885911832243
278	0.001629006784143253
279	0.00020225696236991008
280	0.0001658911166328869
281	0.0002876619142172663
282	0.0018420866516630635
283	0.0003816076786557329
284	0.0003461462994888285
285	6.350806711336967e-05
286	0.00026740457680376393
287	0.00013775991141322348
288	0.00030707597837687786
289	0.0005566917414931215
290	0.0007239199932620563
291	0.0002189489471902293
292	0.00015971547390524458
293	0.0005096629378866777
294	0.00036921986836794716
295	0.00020298281915458424
296	0.0004508190260086829
297	0.0002928258288709646
298	0.00023657162996552236
299	0.00014759349343179456
300	6.350806711336967e-05
301	9.280818971755697e-05
302	0.00024214919254524062
303	0.0002843575159763756
304	0.0001251937634454793
305	0.0001758498311654426
306	0.0017089909980898595
307	0.0003148823716664754
308	0.00022404840271295616
309	0.0001378765811361989
310	0.00020864706232105653
311	0.00018783558601054363
312	0.00018503269031214803
313	0.00018185223510439337
314	0.0012988373413268077
315	0.00014005813826449667
316	6.521852137570748e-05
317	0.00013792632189503167
318	0.00023602348876097684
319	0.0002365454555724934
320	0.0008969378996965885
321	0.0003429236484293522
322	0.0035150033132467636
323	0.0009241533964217495
324	0.00024284806308076573
325	0.0007953913556843733
326	0.0006371607183449304
327	0.0002872627462495535
328	0.00010966264159479583
329	0.0001332423284562996
330	0.00035655340070628
331	0.0004434154790191409
332	0.0005049369680715926
333	0.000139109504660752
334	0.00027687800103367297
335	0.0015995171810354344
336	0.0001428225343269821
337	0.00023786060006971785
338	0.0027575386567072874
339	0.00020845128864985425
340	0.0005673359463032197
341	0.0001307641237372544
342	0.00016399405320226645
343	0.00041921790962905377
344	6.350806711336967e-05
345	6.566519227625503e-05
346	0.000395754332017302
347	0.0003537032461755227
348	0.0003852573323539787
349	6.350806711336967e-05
350	0.00016885557238456963
351	0.0003246288858749562
352	0.0008513026396558715
353	0.00016712008187340672
354	6.350806711336967e-05
355	0.0003303659987881787
356	0.00023855937104584097
357	0.002707720927391071
358	0.00015218826772359255
359	0.00015189564996390183
360	0.00045876127021517236
361	0.0002921388570577331
362	0.00014284328769804386
363	6.350806711336967e-05
364	0.00014522624542133574
365	0.0002767524189568749
366	0.00014357047731226565
367	0.00028972522329715345
368	0.00014699564688115452
369	0.00016852569117497835
370	0.0001460982080326166
371	0.00012721121302462212
372	0.00022743489631225303
373	6.350806711336967e-05
374	0.00019358803986724535
375	0.00023601579043014295
376	0.00015697645064535358
377	0.0002819082868148363
378	0.00022491221370265078
379	0.00043570838617958433
380	0.0018330495255617623
381	0.0002266295699823898
382	0.0002702526070633526
383	0.00048790893865171506
384	0.0072214272389483055
385	0.00018209117865764649
386	0.0014608901819405024
387	0.0003322009801852702
388	0.0023682046118000694
389	0.0005282853920948787
390	0.00016839355741934286
391	0.000696753554397057
392	0.002884790779505796
393	0.0001493973230800947
394	0.00014303227471604778
395	0.00018610508627314045
396	0.0005415847558392027
397	0.00013177676227778073
398	7.283529690343802e-05
399	0.00020436812449254523
400	0.0011316317088040095
401	0.00027403536120840894
402	6.431704842797348e-05
403	0.0006526129430665732
404	0.0002844061557408785
405	0.00023247941620021417
406	0.0006731361982491322
407	0.00016171638392233078
408	0.0002088224059160176
409	0.00044689064211603127
410	0.00014081963511433445
411	7.174410370482882e-05
412	0.00033696888315494836
413	0.00014599262864291413
414	0.00022007599485954503
415	0.00017034862634086878
416	0.00017030414307721628
417	0.0003545643188206393
418	6.350806711336967e-05
419	0.0001215103299731722
420	0.00024284375045876194
421	0.00016402198112640276
422	0.00039776540558970956
423	0.00021691283572692613
424	0.0005940577566773648
425	0.00023713508169985304
426	0.0003068290228186259
427	6.350806711336967e-05
428	0.00014740580375017875
429	6.350806711336967e-05
430	0.00016155389568245335
431	0.00030178881721273557
432	0.00030904809254095805
433	0.00038500695761063637
434	0.002370698712724284
435	0.003691432534046836
436	0.001941421123902408
437	0.00014352008781522293
438	0.00014516466363681966
439	0.00019614198303171654
440	6.350806711336967e-05
441	0.00014931971910350114
442	0.000419985066089199
443	0.0005392705275582518
444	6.350806711336967e-05
445	0.00016246221576486647
446	0.0004045925954008828
447	0.00014384167105421173
448	0.0009429262756365201
449	0.0001359167177489425
450	0.0006272716027305419
451	0.00042742430068068145
452	0.00026689308193132553
453	6.350806711336967e-05
454	6.731757544311654e-05
455	0.00021984257092995936
456	0.00023418338646285676
457	0.0006962655594084507
458	0.00014513786204761096
459	0.0003826952648424744
460	0.0005465796430697266
461	0.00017426041602042024
462	0.00044744135735581776
463	0.0002278657484359786
464	0.00016529797367425663
465	8.362879341520498e-05
466	0.00017517260383752425
467	0.0006355470622893082
468	0.0004368363950195116
469	0.0005258227196975644
470	8.971622921964963e-05
471	6.350806711336967e-05
472	0.00014182991673953953
473	0.0005067711180021112
474	0.0012441960421613212
475	0.0009436139309862657
476	0.00026244426158947764
477	0.0003992293144543151
478	0.00020133551120875135
479	0.00018010350547534673
480	8.312775934898368e-05
481	0.0017996180254852005
482	6.350806711336967e-05
483	0.00012271311461516208
484	0.000132673521021045
485	0.00042734046107667495
486	0.00021678296760212147
487	0.00098513145549692
488	6.54025411066776e-05
489	0.0007846137062039662
490	0.0006914042278277915
491	0.0002909321693104486
492	0.0003456505219498777
493	0.0001546465043694167
494	0.0007144292179799574
495	0.00030934857944248014
496	0.0002465408716519102
497	0.00024570877093717974
498	0.0003122806263965323
499	0.0006652252267603008
500	6.350806711336967e-05
501	6.458235723594104e-05
502	0.0001679688938329227
503	0.0005276479416233199
504	0.00013753155188714924
505	0.0003251298035800227
506	0.000698954586804554
507	0.00021877503274948286
508	0.00014350155087869892
509	0.000698642209076577
510	0.000758715644210989
511	0.0006042601404782636
512	0.00044990297141565746
513	0.000409962746462223
514	0.00016772163520257312
515	0.0015282595116455156
516	0.001179792976950971
517	0.000212922660720384
518	0.0006717140966973293
519	0.0006209183920644441
520	0.0004319300901806145
521	0.00021604613935726502
522	0.00027743212561098373
523	0.0002466196519883586
524	6.419102850017886e-05
525	0.0002919792323645134
526	0.00017198941381350345
527	0.0002762774534636913
528	0.0001427802129541732
529	0.0003420086949383332
530	0.0009357438478484526
531	0.00034908523909128487
532	0.0005756245486943681
533	0.00016397059484108144
534	0.00021497273436100448
535	0.00014384329498839222
536	6.350806711336967e-05
537	0.00020593812825569357
538	0.0008390385768654842
539	0.0006009572139914012
540	0.00013584727006352995
541	0.00044204855620114515
542	0.00014850796856765878
543	0.0002666939437622115
544	0.0002809453926781105
545	0.00014739213381410426
546	0.0002660311205606086
547	6.350806711336967e-05
548	0.0020885800092703406
549	0.00021338807026256363
550	0.0005112982082667833
551	6.350806711336967e-05
552	0.00021570732455882175
553	0.0003319052315507851
554	0.0004588128356969227
555	0.0001321487035762911
556	0.00030684299044881773
557	0.0005058280074170629
558	0.00016634778331123392
559	0.00128117526160915
560	0.00015345851382356256
561	0.00019292115309997018
562	0.00040053007347494283
563	6.350806711336967e-05
564	0.0004660348317959334
565	0.00046428787310764057
566	0.0005834395867074745
567	0.0003111190076410914
568	0.00013391320017194433
569	0.001787252596656083
570	0.00017871524764147078
571	0.0006542852790176766
572	0.0001830429060932937
573	0.0001801720709807355
574	0.00016229705434594126
575	0.0007372886532420755
576	0.00014319357415597852
577	0.0003873718859141719
578	0.00021130661026121672
579	6.350806711336967e-05
580	6.402147250150956e-05
581	0.00019296462228120286
582	0.0003086422819166491
583	0.00014224981036412357
584	0.0003295359694914715
585	0.00020773382851304057
586	0.00039291933027372046
587	0.00017342198210632486
588	6.487400193990406e-05
589	0.0001945523367555259
590	0.0001704220654378275
591	0.00014444900515196409
592	0.003361725807843081
593	0.00013795490561765332
594	0.00038320771976423876
595	0.00036792928556880685
596	6.350806711336967e-05
597	0.00014982286332001918
598	6.350806711336967e-05
599	0.00032108945750588635
600	0.0002466558790011398
601	0.0014641762083650706
602	0.0001970667210193275
603	0.00015253581965975842
604	0.0008314862597392596
605	0.0008580429533666534
606	6.350806711336967e-05
607	0.00019714387669102717
608	0.0001405829021719237
609	0.00037229441824705663
610	0.003642796829076703
611	0.00014543678344834858
612	0.0002592652988756237
613	0.0006756240600647246
614	0.0001857537426990906
615	0.0005527444999042017
616	6.350806711336967e-05
617	0.0003815731723258528
618	0.00048085192781504937
619	0.0002030569515492523
620	0.00036198842223387524
621	0.00014427596276941223
622	6.350806711336967e-05
623	9.616431277699442e-05
624	0.00041561190582787536
625	0.000693890328252313
626	0.00034998399389322467
627	6.559724237505568e-05
628	0.00037690761805945453
629	0.0004598606879524427
630	0.0003346582093943965
631	0.00015678351959955416
632	0.00017051481170330364
633	0.0001495762054623174
634	0.0003233950783660522
635	0.00023221679818262388
636	0.000455966750270197
637	9.302741019828235e-05
638	0.0001239639542077672
639	6.350806711336967e-05
640	0.00016638497418345753
641	0.0001526187149482733
642	6.350806711336967e-05
643	0.00015132499220720224
644	0.00065824477814102
645	0.0002591577097032838
646	6.350806711336967e-05
647	0.0003590917244421782
648	0.0003181929992545097
649	0.0001765209212604467
650	0.00035159856034001994
651	0.0002794774683037252
652	6.350806711336967e-05
653	0.0002091177917707368
654	0.000682030660975103
655	0.00020093410961311963
656	0.00017561183735363285
657	0.00014464456382111833
658	0.00013817246934275866
659	0.00013787420879137765
660	0.00016139809569158832
661	0.0003385187995874768
662	0.00022948260512347762
663	0.00025064236354927557
664	0.00015316221381343032
665	0.0004172894269095158
666	0.00036190703918089027
667	0.0002637846441581386
668	0.00015139902580814239
669	0.00023530697286802227
670	0.00017752135177414287
671	0.00019174946512946444
672	0.0001573451692057359
673	0.0001255469199137672
674	6.350806711336967e-05
675	0.0002383341875047
676	0.0005032523244132979
677	0.0003196451274236323
678	0.00019962055323193874
679	0.00013514822968016153
680	0.00026011911802513064
681	0.00022622896728147305
682	0.0001776947584835218
683	0.00016609389797434226
684	0.0001576090655402683
685	0.00029147549219850496
686	0.0013826684133165495
687	0.00022367880950386124
688	0.0001643056491139894
689	0.00014509005461822488
690	6.350806711336967e-05
691	0.0005568156768026966
692	0.00014777747665463452
693	0.0003032663267265633
694	0.0004579647072257618
695	0.0002750963072519441
696	0.0005652875682280673
697	0.00031827287765556485
698	0.00037781282046727127
699	0.00013677774513795894
700	0.00017943989143421476
701	0.0003355766645571063
702	0.0002635282657094698
703	0.00047718576704234314
704	0.00016062693798601203
705	0.00015888897279868166
706	0.0006702365021097928
707	0.000531088957215185
708	0.001635566013430973
709	0.00027857410915513276
710	0.00025497891385385907
711	6.350806711336967e-05
712	0.0002943657224286462
713	0.00010933100927444544
714	0.00015090416493138468
715	0.00030244084825715626
716	0.0016650716350413417
717	0.0001493990807287382
718	6.350806711336967e-05
719	0.000204679913331073
720	0.000271218598410729
721	0.00029936091604583135
722	0.0003043550124116258
723	0.00023030115007646707
724	0.0002591970197832526
725	0.000364092849744165
726	0.00015018869824351736
727	0.0006756669060263331
728	0.00030566533574603286
729	0.0001422839766722609
730	0.001178803626759053
731	0.001890632159286268
732	0.00021641810422072
733	0.0001374095177214959
734	0.000617545304335123
735	0.0002887004460855326
736	0.00015225267332707242
737	0.0002615587125126722
738	0.0003826128230519895
739	0.00042411044664732476
740	0.0004118497604558231
741	0.00017863999355049412
742	0.00018552939190027976
743	0.00015622842003458544
744	0.00012645164790664367
745	0.0002236275190940463
746	0.0004228083247223309
747	0.0001728599678812075
748	0.00014002220905836774
749	0.0006539569782348109
750	0.00016249935585327423
751	0.00014111268031143123
752	0.00014249742849281241
753	0.0003092734244422042
754	0.0003568739350203243
755	0.00039553677280684715
756	6.444447387406573e-05
757	0.0001984424274058236
758	0.0011210483421341707
759	0.00048714281818464827
760	0.00020797404010452656
761	0.0002273112233057198
762	0.00025745734844565373
763	0.0007184499027878137
764	0.0006184101559700781
765	0.0001850704599981904
766	0.00048674788799482713
767	0.0001553837461684135
768	0.00016579693897945968
769	0.00032953242901282624
770	0.00015745292271220827
771	0.00023672791814203267
772	0.00026526028636314567
773	6.879381939137329e-05
774	0.001279784591254004
775	0.0004804210028146249
776	0.00014490388814791008
777	0.0003310708082344859
778	0.000440114267574384
779	0.0002779246526540398
780	0.002155794815748935
781	0.0001665153737193648
782	0.00019604203665817612
783	0.00015509735972194942
784	0.00043241042645615917
785	0.00020645192700370903
786	6.350806711336967e-05
787	0.00019094101905329123
788	0.0001940543024526706
789	0.00014425391152814225
790	0.00016174140046908684
791	0.0004578001674583292
792	0.001610511880616435
793	0.00027776909395495024
794	0.0010489977409153728
795	0.0001421906497320043
796	0.0006503685020387217
797	0.00022692469140072453
798	0.00031987709191361657
799	0.0003578255274958759
800	7.189240891671006e-05
801	0.0004863214438203775
802	0.00018824464992727517
803	0.0003923985520258822
804	0.00021828607723824801
805	0.0005838814329051169
806	0.00015361532333802482
807	0.0004952712803260029
808	0.00018441627215746924
809	0.0002310180672355135
810	0.0002734073719392546
811	0.000863044441289274
812	0.00022645019771559406
813	0.00013106291704407868
814	0.0022964892231240558
815	0.0004527142964560778
816	6.350806711336967e-05
817	0.0001668747888485039
818	0.00014473683647530378
819	0.0005070776111208617
820	0.0006065297942961926
821	0.0003775693214416804
822	0.0037002515304435557
823	0.0004710031140069298
824	0.0002740371090109479
825	0.00031571897142335364
826	0.00019623398180308206
827	0.0005703155891360562
828	0.0001872344717453312
829	8.017632635730075e-05
830	0.0001938143347023806
831	0.00017042640739712146
832	0.00021526109397327297
833	6.350806711336967e-05
834	0.00021702230096349456
835	0.00024619595123650986
836	0.0002722859912577287
837	0.0002829631651231153
838	0.00024408027504830074
839	0.0003148535377861575
840	0.0004832402563840332
841	0.00022758900498767796
842	0.00017033467152327797
843	0.0001985457713881867
844	0.00015213941598953552
845	0.0001408551933361873
846	6.350806711336967e-05
847	6.368774365245437e-05
848	6.60101515707807e-05
849	0.0006249698216104695
850	0.000607878215950815
851	0.00015747505287040008
852	0.0001583769718689672
853	0.00022513002448152117
854	0.0002907763513494428
855	0.00043824759059886485
856	0.0003192770519034578
857	0.0002631739136786687
858	0.0009361216658343517
859	6.350806711336967e-05
860	0.00026627601141317517
861	0.00022290204022075148
862	0.00015011592264104596
863	0.00014783438521112792
864	0.00015837250033858864
865	0.000402446720721888
866	0.00030285805438085077
867	0.0002709863065089919
868	0.00014951705268008336
869	0.0007611157488150052
870	0.00013162247497652504
871	0.00015954791863985435
872	0.0009515023918179091
873	0.00022522611570814706
874	0.00041067169573135923
875	0.0003308680692796999
876	0.00044207718955625673
877	6.350806711336967e-05
878	0.00023179124533281753
879	0.00021128344105873244
880	0.00013832118696069585
881	0.00017021886221848864
882	0.000393872566945527
883	7.772086816493398e-05
884	0.0001430614968218551
885	0.00018655897966253154
886	0.00043907099214374336
887	0.00034375282183321765
888	0.00024333167527924531
889	0.0014825796369063809
890	0.000151722053911256
891	0.000252550383650983
892	0.00023358253383743915
893	0.000760891503011159
894	0.00043759092628523413
895	0.0003387864031462198
896	0.00013486566913568573
897	0.00015113265759875353
898	0.00017968124505692002
899	0.0001668006042815511
900	0.0005022074929715583
901	0.0001456111123168254
902	0.0010075186207450615
903	0.000551381208442545
904	0.000731328904569072
905	0.0011388123907093341
906	0.00036822963668641813
907	0.00015738317712586867
908	0.00042683651764477095
909	0.00014932783213862525
910	0.0007321824559356462
911	0.0001473844678021554
912	6.350806711336967e-05
913	0.0001590265710940646
914	0.00024053686418907928
915	0.0002478033727147977
916	0.0003984257487982979
917	0.00015096990363628823
918	8.431169544666916e-05
919	0.0003627137910224949
920	0.00013795859463239284
921	0.00039190088003720824
922	0.00014864511853899062
923	0.00014262210330534533
924	0.00014785419279544017
925	6.350806711336967e-05
926	6.364358871614113e-05
927	0.00015204140053967527
928	0.0010544957749691547
929	0.000141169885642995
930	0.0004941562345928832
931	0.00014709716093485055
932	0.0002128538532540342
933	0.00024232018334266033
934	0.00014839605404375682
935	0.00016226074623605012
936	0.0002474192312814058
937	6.350806711336967e-05
938	6.665097126607867e-05
939	0.0006207158097376006
940	6.350806711336967e-05
941	0.0002574212413935835
942	0.00027623874755419893
943	0.0002082563370869429
944	0.00014066872129635984
945	0.0004695849566815924
946	0.0001373302623632423
947	0.00015078906019183106
948	0.0004470663025935329
949	0.00013440756036115664
950	0.0003657479134877307
951	0.00039224840960355836
952	0.0006974946421822596
953	0.00034740781139557767
954	0.0004081586170550127
955	0.00031143341435691587
956	0.00011836466210439912
957	0.00023245323311672976
958	0.00026164938027541053
959	6.407846110291782e-05
960	0.00037482470906109256
961	0.0012301905598170494
962	0.0001359272808113889
963	0.00016453619976272563
964	0.00024010076226226764
965	0.0002003095737666484
966	0.00028973560038278836
967	0.0011987264944561611
968	0.0005848494415862888
969	0.0001711851014261792
970	0.00016092612296929172
971	0.00014806898493287954
972	0.00014547205493137993
973	0.00014828043125554417
974	0.00024061487154675265
975	0.00015933435724071858
976	0.000933853628762313
977	0.0003404413901163909
978	0.00015737131618956255
979	7.314871622250106e-05
980	0.00038444941848454685
981	0.00024067304463745942
982	0.0006453945051482907
983	0.00014182178970726896
984	0.00022723405401387384
985	0.0005213745780745601
986	0.00038948985073679
987	0.0001568708299864835
988	0.00031201424631764277
989	0.00042645445584816634
990	0.00023397158274078371
991	0.00018767708705583379
992	0.0001787506201001207
993	0.00014590265116121468
994	0.00013743717561359725
995	0.0001398942089634017
996	0.00019909391870502396
997	0.00012115231709273379
998	0.00013184439685790024
999	0.00021176107842537208
1000	0.00014967454741870415
1001	0.0003132499374608052
1002	0.0003408361210637692
1003	0.0004147728088685156
1004	6.350806711336967e-05
1005	0.0006856996593004045
1006	0.00017238479979321916
1007	6.425509156458634e-05
1008	0.0001439575927098113
1009	0.00014476545464746157
1010	0.0003451397367534094
1011	0.00014069989296895636
1012	0.0001908714043275743
1013	7.446135837639477e-05
1014	0.00014000465263621894
1015	0.00034256878224621834
1016	0.0004423124796415506
1017	0.00015136254779362764
1018	0.00016680647648301431
1019	0.0003259467397041618
1020	0.0002758955599975305
1021	0.00019663172525035782
1022	0.00035293526420030293
1023	0.002496625838587494
1024	0.00011807131687717939
1025	6.350806711336967e-05
1026	0.00019749262690445864
1027	0.0002787799957002861
1028	0.0002850819162151188
1029	0.00023049931333538927
1030	0.0003259657893708094
1031	0.0006421948581385213
1032	6.769882147456157e-05
1033	0.00027458347263039403
1034	0.00014809372607590694
1035	0.00014462298308345247
1036	0.0006247983468882082
1037	0.0002900455351510402
1038	6.350806711336967e-05
1039	0.00020799169523531128
1040	0.00014317692873668788
1041	0.00016489890806780435
1042	0.0009171434636283753
1043	0.003735409782448995
1044	0.00014831430161220074
1045	0.0026177932121178274
1046	0.0003547441245613629
1047	0.00017810808514085518
1048	0.0003411638235555782
1049	0.00022326105691734626
1050	0.00015080966229126283
1051	0.0002045976433962005
1052	0.0001395929328661402
1053	0.0002589404132100388
1054	0.00024883263662888486
1055	0.0004583603630866122
1056	0.00019386802113714082
1057	6.521461890688909e-05
1058	0.00015439895868568792
1059	0.0003141942156283014
1060	0.00021163343608511832
1061	6.350806711336967e-05
1062	0.00019570204478855193
1063	0.0002083898219076854
1064	6.350806711336967e-05
1065	0.00010714685547914303
1066	0.00020920131139808424
1067	7.675121294665332e-05
1068	0.00027939094055079623
1069	0.00016062689269490365
1070	0.00031922364145219224
1071	0.0001482374692000221
1072	0.00014241317446940787
1073	0.0008030078047451916
1074	0.0002500130308142269
1075	0.0003166764366216725
1076	0.00015250133976105868
1077	6.350806711336967e-05
1078	7.018004709439258e-05
1079	0.00022206022954988325
1080	0.0003123445634015412
1081	0.00014191593973539868
1082	0.00204835197819399
1083	0.0003734551709692576
1084	0.00028603267998759084
1085	0.00017223745200944127
1086	0.00015762563735553223
1087	0.00020078652487831968
1088	0.00016031613868991638
1089	7.680798079606014e-05
1090	0.0002493430621690172
1091	0.0001421393830008518
1092	0.0002318599307447583
1093	0.0003242824916018541
1094	6.350806711336967e-05
1095	0.0003463219157349343
1096	0.0011305536752162521
1097	0.0002163135497060623
1098	0.00015371734108635615
1099	0.00014383673627943501
1100	0.0007867707670151853
1101	0.0002119178131608225
1102	0.00013597861360530083
1103	0.000141983208233361
1104	0.00015932099073916273
1105	0.0003243753092925335
1106	0.00037219849605699704
1107	0.0010456216091529465
1108	0.0008720462265631421
1109	0.0003850833427093953
1110	0.0001959525398641558
1111	0.00012943063551336224
1112	0.00039202345023068295
1113	0.0001972256259009447
1114	0.00017206650146885626
1115	0.0017098215474848498
1116	0.0003772134946769353
1117	6.473934507163564e-05
1118	0.0001716967818230289
1119	0.00023345324347026703
1120	0.0009535784311319166
1121	7.906367077969791e-05
1122	0.00015725092901081435
1123	0.0010518166317933617
1124	0.0008001929176466124
1125	0.00020558564886294167
1126	0.0001741078761725576
1127	0.0003367745522210083
1128	0.0007979774100536205
1129	0.0005475200589716508
1130	0.0004955980964496435
1131	0.0001997612183594499
1132	9.034447668039335e-05
1133	0.00016037984614245107
1134	0.0002049060259641615
1135	0.0005510685882213173
1136	6.350806711336967e-05
1137	6.350806711336967e-05
1138	0.0002279793809582855
1139	0.0004757233880791417
1140	0.00021067038942571773
1141	0.00018904633490629544
1142	0.00023328127360363818
1143	0.0002000894139181003
1144	0.000168043436508747
1145	0.0002622056054329506
1146	0.0006149842069435546
1147	0.00016907451947412928
1148	0.0001467920477841663
1149	0.0002019516694249286
1150	0.00018593008276641327
1151	0.0001580840727431904
1152	0.00043849771250297127
1153	0.0016672515953442763
1154	0.0002482838539303064
1155	0.00015367331069316358
1156	0.00015713021348260405
1157	0.00020811878730590418
1158	0.0002955514866713707
1159	0.0002668640881243251
1160	0.00014158876210077886
1161	0.001302325741436732
1162	0.0003053099627974016
1163	0.00015864326032178635
1164	0.0004090238480068849
1165	6.350806711336967e-05
1166	6.350806711336967e-05
1167	0.00019133511576547283
1168	0.00018489190192375857
1169	0.00013915016986339247
1170	0.0002598047773306266
1171	6.350806711336967e-05
1172	0.00020619953743869244
1173	0.0002694714565170085
1174	0.0001632874600981051
1175	0.0002008075929833573
1176	0.00032097032347050875
1177	0.00017411115090131576
1178	0.00017916503687212713
1179	0.0001446905665455067
1180	0.00024596367007139586
1181	0.0002557932728926772
1182	0.00041281152647209857
1183	0.00014182248064288682
1184	0.0001580444057112054
1185	0.0009453121126222038
1186	0.00028023516689805006
1187	0.00014742111491459066
1188	0.0002562036402196378
1189	0.000976599700121001
1190	7.346020661817606e-05
1191	0.00016233800914293933
1192	0.00036222832027610455
1193	0.0002000782946282531
1194	0.0002332249336672476
1195	0.00020106914399605692
1196	0.0001604580397217826
1197	0.00020011212778541556
1198	0.0013344577613975126
1199	0.0004934020131770623
1200	0.00014714527167020478
1201	0.00015426003417151596
1202	0.00017663292091663247
1203	0.0007261945975647019
1204	6.350806711336967e-05
1205	0.00014703286035848306
1206	0.00037410097577767447
1207	0.000582547731764195
1208	0.00038951144183828795
1209	6.350806711336967e-05
1210	0.0001365195270913956
1211	0.00023397496016572633
1212	0.00017779132884360621
1213	0.0003727831494382362
1214	0.00016962539345472677
1215	0.0001626109806646301
1216	0.00022675909663930158
1217	0.00020829854031769772
1218	0.0001501642382468836
1219	0.00023891270314561666
1220	0.0005051930298790993
1221	0.0001643086895906339
1222	0.00014539499943326566
1223	0.0006242826805533607
1224	0.0003775869118856394
1225	6.516530745857221e-05
1226	0.00016309093661532437
1227	0.00016628793825861093
1228	0.0004321825948383727
1229	0.0001877829136355334
1230	0.00010536642635719761
1231	0.00030764556979597624
1232	0.0002770793715865203
1233	0.00014285038089990453
1234	0.0001420004622319112
1235	0.0002966516664066898
1236	0.001209737817931239
1237	0.0011779059102209892
1238	0.0006757526094327785
1239	0.0006834300278757655
1240	0.0006050216164086573
1241	0.00021943339807353166
1242	0.00038068779020050767
1243	0.00026891314890800655
1244	0.00021928020579658802
1245	0.00020357413283830507
1246	0.0006295735567794789
1247	0.0005459120573171362
1248	0.00015786128434703932
1249	0.0002819691441616984
1250	0.0001591007652443915
1251	0.00023278965541876075
1252	0.00015104062255150732
1253	0.00015101012154364454
1254	0.00016871723329397762
1255	0.0005638469602601244
1256	0.00046236496095605555
1257	0.00020021015551726902
1258	0.00018505320329639875
1259	0.00014118746330288315
1260	0.00020202367883090838
1261	0.00013974972828659915
1262	0.00019971898029469946
1263	0.0002078025384728445
1264	0.00014389014392029705
1265	0.00025316922706289857
1266	0.0001832257391251862
1267	0.00015455400209947887
1268	0.00021825379587905468
1269	0.00017220279441842605
1270	0.00020730684126441266
1271	0.0001397622970109269
1272	0.00019084324752553875
1273	0.0008115479865255795
1274	0.0002064636974972512
1275	0.0001511540863682092
1276	0.00038608590023038263
1277	0.0004964457259363619
1278	0.00013530857325500255
1279	0.00019880899301207296
1280	0.0003227374783827005
1281	0.00014747777621497042
1282	0.00020270383239947106
1283	6.350806711336967e-05
1284	0.000136446703853373
1285	0.0003361818553042134
1286	0.0006966316613288657
1287	6.350806711336967e-05
1288	6.350806711336967e-05
1289	0.00022582113004384426
1290	0.00015798998780035853
1291	6.516501089794958e-05
1292	0.0002477570646108509
1293	0.00013975677301346085
1294	0.00016333391858782678
1295	0.0004204356950170892
1296	0.0001514154346547128
1297	0.00015253177269436153
1298	0.00020595199743364098
1299	0.00018298175313641784
1300	0.0002614688753392003
1301	6.350806711336967e-05
1302	0.00021512448491120607
1303	0.0002297220742252337
1304	0.0001183737594843701
1305	0.0002100046824830643
1306	0.0003481768979847492
1307	0.0002612850565938598
1308	0.00075940284558189
1309	0.0001994244361668893
1310	0.0004192753063240493
1311	0.00021371179595279044
1312	0.00022534185057433213
1313	6.350806711336967e-05
1314	0.0009914333943340083
1315	0.00016414734358109867
1316	0.00020496372160386622
1317	0.00013759628564401276
1318	0.00014044919687102145
1319	0.00042994328985721127
1320	0.00046037784718915654
1321	0.0001719177712896624
1322	0.0005694826360024221
1323	0.0004872540009738298
1324	0.00022930724777580198
1325	0.00020268108996116807
1326	0.0005930696153078467
1327	0.0007581045624775255
1328	0.00034282248311644285
1329	0.00018678558486902584
1330	0.00037581510786925866
1331	0.00014248883978495937
1332	0.00014471492786910598
1333	0.00015097727225773955
1334	6.350806711336967e-05
1335	0.002556229295534807
1336	0.00016229003374916074
1337	0.00023241896864105853
1338	0.0010423686263334926
1339	6.744604323257163e-05
1340	6.350806711336967e-05
1341	0.00036156272692668053
1342	0.00017700139481517706
1343	0.0005263860762554021
1344	0.00026072048050961705
1345	0.0011819790130648275
1346	0.0003798401095307191
1347	0.0003736227385298039
1348	0.00042891092150875793
1349	0.00021021482684018057
1350	0.0005967737827185926
1351	0.0002763757589542685
1352	0.0001739710209592506
1353	0.00016132255886580063
1354	0.0002283866156651495
1355	0.00022080227936311134
1356	0.00017595431859078315
1357	0.0001561091090484765
1358	0.00023690229702007587
1359	0.0016983110088562184
1360	0.0003297075084900465
1361	0.0002550360110110417
1362	0.00026984093487984946
1363	6.981908229223114e-05
1364	0.00020555994965348193
1365	0.00034583694763953106
1366	0.00020390617874382257
1367	0.00030601582142673715
1368	0.00025968781414413404
1369	0.00026839920017572946
1370	0.00014310585198435617
1371	0.000358956106602271
1372	0.0007602842706734189
1373	0.00014651954347309634
1374	0.00026466017598085923
1375	0.00013147479074729677
1376	0.00013492608731768916
1377	0.0001379968314468031
1378	0.00023483238349878465
1379	0.0004989663719573724
1380	0.00016807739746061952
1381	0.00030017940875724135
1382	0.0005288946143723139
1383	6.350806711336967e-05
1384	0.00019189794682414893
1385	0.000586131037631905
1386	0.00036848349110671423
1387	0.000300586046227279
1388	0.00035964986291761255
1389	7.14027791635641e-05
1390	0.0004163669788920456
1391	0.0002971481015577284
1392	6.353740303852363e-05
1393	0.00014952581120044196
1394	0.00012372549568942282
1395	0.00017455145138943918
1396	0.00014631104085049886
1397	0.00029829918707770963
1398	0.0002007629853658332
1399	0.0002483607395048285
1400	0.0001643757626781425
1401	6.350806711336967e-05
1402	0.00021735172219567765
1403	6.350806711336967e-05
1404	0.0001565367318960921
1405	0.0005235474567188922
1406	0.00022585024822509403
1407	0.0004135846065082869
1408	0.00029403750419501097
1409	6.350806711336967e-05
1410	0.0001439912646859297
1411	0.0002238084808836186
1412	0.0005517702931072023
1413	0.0002786792675205773
1414	6.500031508700877e-05
1415	0.00024657981783859147
1416	0.00014927992099233762
1417	0.0003779989542904796
1418	0.00016061404828837992
1419	0.00014406724265165187
1420	0.00017467861338126396
1421	6.397413753651409e-05
1422	0.0003408349221610149
1423	0.00020992934573414954
1424	0.0001493963039192355
1425	0.0006089857216784067
1426	0.0003258949216711089
1427	0.0005360376638074229
1428	0.00022746116939364623
1429	0.00039941472821185096
1430	0.000197368933613091
1431	0.00027435811218008135
1432	0.00019089808383664436
1433	0.0006000422278389845
1434	0.00013180458576509947
1435	0.00029412103273451177
1436	0.00040286841200246195
1437	0.00016815570497457486
1438	0.0001939404693369084
1439	0.0003881965504404718
1440	0.00013841883871384706
1441	6.35536548345794e-05
1442	0.00022411077011294655
1443	0.0002615618677505337
1444	0.00013635797798827216
1445	0.00019874923259781494
1446	0.00013404178215187154
1447	0.00020656028091463398
1448	0.00022388842239377628
1449	0.00035517974952507786
1450	6.826869235726881e-05
1451	0.00011807538669179825
1452	0.000228751924092504
1453	6.350806711336967e-05
1454	0.00031482916860085206
1455	0.0001854159068313962
1456	0.0005431766065143227
1457	0.0003137015128945081
1458	0.00015663953620825708
1459	0.00015872881071874373
1460	0.0005521591793304621
1461	0.00015724582550726842
1462	0.0003390935257941406
1463	6.350806711336967e-05
1464	6.365031949120162e-05
1465	0.00014208491520464257
1466	0.0002541300667326148
1467	0.0002328000398223741
1468	0.00019642287741145886
1469	8.556583494944317e-05
1470	0.0001455473661837639
1471	0.0002819011862373619
1472	0.0005608086993319152
1473	6.350806711336967e-05
1474	6.350806711336967e-05
1475	0.00020655367231487524
1476	0.0003176104342975426
1477	0.00021136029355365858
1478	7.483211430257472e-05
1479	0.00013890122330653703
1480	0.00014750740410507992
1481	0.00017509880197439206
1482	6.350806711336967e-05
1483	0.00018459832318363693
1484	0.00035434987511866054
1485	0.00014038874272663705
1486	6.807556354501502e-05
1487	0.00016073326285814902
1488	0.0010174464290846263
1489	0.00017311719032624964
1490	0.00039932041464554353
1491	0.0002773386683780997
1492	6.350806711336967e-05
1493	7.483619043894135e-05
1494	0.00016889139041273795
1495	0.0001340481673150764
1496	0.00045137391682625064
1497	0.000146766280519434
1498	0.0015316454912538838
1499	0.0006209292657952657
1500	0.00022904946597407445
1501	6.516940800271715e-05
1502	0.00027532111419026535
1503	0.00020107868366955935
1504	0.00018649363848616355
1505	0.00016335016210115155
1506	0.0003817759168890342
1507	0.00014064192959537257
1508	0.0002635124986033252
1509	0.00038824151399265556
1510	0.0007849325855121481
1511	6.350806711336967e-05
1512	0.00020857519550880824
1513	0.0003593785116969498
1514	0.0002334873496742918
1515	0.0002469863067870252
1516	0.0002520990783643275
1517	0.00018129839320041037
1518	6.362811138980346e-05
1519	0.0001475455745441124
1520	0.0002566431264565828
1521	0.00015261112451428563
1522	0.00029849630826847003
1523	0.00037958828894901276
1524	0.00017290427818723793
1525	0.0001462191441543845
1526	0.0005264675090244097
1527	0.0001507401751946813
1528	0.00029584964410705534
1529	0.0015207665477315955
1530	0.00016008118999083878
1531	0.00020346519791583596
1532	0.00020297664344287264
1533	0.00016005206250826518
1534	0.00036274304172160507
1535	6.350806711336967e-05
1536	0.0006827908196601951
1537	0.00039271406159517276
1538	0.00018704411823471578
1539	0.0001936586514966988
1540	0.0002517286885900413
1541	0.00013747247491992498
1542	0.0001653651341746303
1543	0.0006135205952308498
1544	0.0001836627835811023
1545	0.00199643236736569
1546	0.001759394696674776
1547	0.00015953431256392512
1548	0.00019913601786196138
1549	0.00016277189310402891
1550	0.00016126827469007803
1551	0.00034345138776675137
1552	0.00032293324265418485
1553	0.00015697439552322538
1554	6.350806711336967e-05
1555	8.097064648767874e-05
1556	0.00027652426363688283
1557	6.474129996992776e-05
1558	0.00020057240536892565
1559	0.0002459590250268257
1560	0.0001740115654001889
1561	0.00013743717561359725
1562	0.0003205506155733961
1563	0.00030561101616628707
1564	0.0006338829638343533
1565	0.0001598600437144957
1566	6.383453094010654e-05
1567	0.0006896611287258915
1568	0.00020581396089482056
1569	6.350806711336967e-05
1570	0.00014876521364310804
1571	0.0001432981671749573
1572	0.00022613045104173495
1573	6.825148998190598e-05
1574	0.00020963148841326494
1575	0.000256459466202885
1576	0.0005265038352939113
1577	0.0001485608854977351
1578	0.0002572631545086962
1579	0.00017088989282943538
1580	0.00020686066660944633
1581	0.00017281259047406423
1582	6.350806711336967e-05
1583	6.350806711336967e-05
1584	0.00019130331323215526
1585	0.0001954359592062807
1586	0.0011325454836814434
1587	0.00026277606473329787
1588	0.00014943049997916997
1589	0.00013754964646270048
1590	0.0008966629800745648
1591	6.350806711336967e-05
1592	0.0002745719566250257
1593	0.00014977102679105574
1594	0.0003015915196329335
1595	0.0002766058429708845
1596	6.350806711336967e-05
1597	0.0002949833277663726
1598	0.00066648530103303
1599	0.0002953549063875393
1600	6.350806711336967e-05
1601	0.00017365997044417773
1602	0.00023860815756789546
1603	6.362430387185788e-05
1604	0.00043195922518900827
1605	0.0003883277188835514
1606	0.0002722007800494238
1607	0.0002690853750962862
1608	0.00022512956407160138
1609	0.0005394452213101665
1610	0.00013702336706140377
1611	0.00029147398951339163
1612	0.0003441282814639973
1613	0.0002988937159375166
1614	0.00020597750087950927
1615	0.00040933994101884926
1616	0.0010850849167849952
1617	0.00016508151488908048
1618	6.350806711336967e-05
1619	0.0002786911269462803
1620	0.00014159531456939592
1621	0.00030075634243627585
1622	0.00038314100838187206
1623	0.000137017174789095
1624	0.00016738338156747833
1625	0.0006930542616763637
1626	0.00013893164463844255
1627	6.350806711336967e-05
1628	0.00013411247583835337
1629	0.0001462712083202532
1630	0.00025048053116209453
1631	0.00031203916390445426
1632	0.0004964357585462735
1633	0.00019086767057939589
1634	0.00022241380858036933
1635	0.000770529723330537
1636	0.0003697937649969257
1637	0.00045562061546621836
1638	0.0007842149629249505
1639	0.0004770288710453271
1640	0.001186621023441426
1641	0.00016528327218942143
1642	0.0003922099101785475
1643	0.00023566684614066965
1644	0.00016124757854230846
1645	0.0003200381348163193
1646	0.00014554336434425592
1647	0.0002356913040679877
1648	0.00026460096721618446
1649	0.00020158941465121298
1650	0.0002577163745066078
1651	0.00026489509527825275
1652	0.00020801520993947136
1653	0.0002298939022788865
1654	0.00020843318826541473
1655	6.350806711336967e-05
1656	6.481480932112599e-05
1657	7.012926058439772e-05
1658	0.00012985556305123854
1659	0.00023747846301622213
1660	0.00014070522862089335
1661	0.000165887810257241
1662	0.00014560495208463983
1663	6.350806711336967e-05
1664	0.00022115558845147551
1665	6.350806711336967e-05
1666	0.0005093322872203573
1667	0.0002254564120481043
1668	0.0001377218832776422
1669	0.00026285841515247976
1670	0.0002764342220096897
1671	0.00024551911031883624
1672	0.0002576918902674879
1673	0.000970087714639502
1674	0.00014644232020264016
1675	7.805642629728445e-05
1676	0.00017725587814772405
1677	0.0006430353214473279
1678	0.00025840032788271674
1679	0.00024741210013827476
1680	0.0004160657135979374
1681	6.350806711336967e-05
1682	0.00015202019677896915
1683	6.35887048082302e-05
1684	0.0005090909984068589
1685	6.872161041909595e-05
1686	7.261233027524911e-05
1687	0.00016205248375570638
1688	0.0005550645111095928
1689	0.0005677782523267678
1690	6.350806711336967e-05
1691	0.00015524640428579673
1692	6.350806711336967e-05
1693	0.00016691580928116683
1694	0.00041102920559416424
1695	0.00048552739750710723
1696	0.0005196719024540258
1697	0.00012010060847148002
1698	0.00018440720898301846
1699	0.00023841429302740927
1700	0.00294840871903746
1701	0.0002565378706770953
1702	0.0001052550161300574
1703	0.00014078792656737889
1704	0.0001428045008835394
1705	0.00021023045721261258
1706	0.00018410115356221353
1707	0.0001991818821556936
1708	0.0003038485792165609
1709	0.00016854957692049826
1710	0.00017565026340302244
1711	0.0001687809882302581
1712	0.000771167877195966
1713	0.0001651299172444705
1714	0.00016555697481189817
1715	0.00014107829654417403
1716	0.00014810306241000635
1717	0.00031531167867459605
1718	0.00027217010782477956
1719	0.00042810591938994007
1720	0.00028889611629766493
1721	0.00020518142788725286
1722	6.350806711336967e-05
1723	0.00017780681413682542
1724	0.0003666185502221479
1725	0.00039300107054489325
1726	0.00026990431797044583
1727	0.00021046043329065633
1728	6.517830043248667e-05
1729	0.000309366292641128
1730	0.00020658078096963636
1731	0.00024127011452922283
1732	0.00015800461312952586
1733	0.00017376212037553083
1734	0.0004488567679018813
1735	0.0006911840820319518
1736	0.00014681758889361745
1737	0.0004711908715049124
1738	0.0002829856741045285
1739	0.000369697393001101
1740	0.0001390672763457431
1741	0.00015022834078215507
1742	0.0002476256192932139
1743	0.00020892155985865804
1744	0.00016862067667819535
1745	0.00020581672042335598
1746	0.00014440945323046641
1747	0.0001528182078362657
1748	0.00017788135975522858
1749	0.0008315654214461006
1750	0.00017238608751659316
1751	0.00013926334700187882
1752	0.000132710058198429
1753	0.00023116227316769602
1754	0.00013817848884315024
1755	0.00023725085957155051
1756	0.00016879683506372035
1757	0.00017479363480781037
1758	6.350806711336967e-05
1759	0.00020709323657688709
1760	0.0002879086760822721
1761	0.00013588467554112476
1762	0.0002935340735554539
1763	0.00032782704693388065
1764	0.00015642109546213197
1765	0.00013539867338808288
1766	0.0002053101854846558
1767	0.0002425641164343062
1768	0.00029110131594675296
1769	6.350806711336967e-05
1770	0.0003637804967809694
1771	0.00011922381762880821
1772	0.00020458770614514
1773	0.0001735535022587241
1774	0.00028483871451091467
1775	0.00015040736384953093
1776	0.00023804878665649784
1777	0.00015866563901718422
1778	0.00014918104537142246
1779	0.00016263307152481016
1780	0.000408061880660132
1781	0.00017114327255561383
1782	0.00016158010577460498
1783	0.0010252287496072526
1784	0.00014021385770137036
1785	0.0005518400810516049
1786	0.00016908825029549805
1787	0.00028194245808138075
1788	0.0003780138046160179
1789	0.00026211496996986314
1790	0.0003399187895947965
1791	0.0002593611024930821
1792	0.00017473146376468073
1793	0.00019932365340090112
1794	0.00020656559871043236
1795	0.00013525511078225151
1796	0.0001612812329740598
1797	0.00042256478391002397
1798	0.00020064312362413488
1799	0.00036808119823701787
1800	0.00025019443948994695
1801	0.0001442852997681081
1802	0.00019945413314212225
1803	0.00037364254844285345
1804	0.0001490670110181871
1805	0.00016591789282019057
1806	0.00023421476591013979
1807	0.00013711780860010823
1808	0.000713410202593977
1809	0.000280962552829512
1810	0.0006284599909390774
1811	6.350806711336967e-05
1812	0.00020941179941600245
1813	0.00039988943559225514
1814	0.0002585044115769652
1815	6.350806711336967e-05
1816	0.00015133720766509452
1817	6.350806711336967e-05
1818	7.132689738307397e-05
1819	0.000326868249227547
1820	0.000363396845867943
1821	0.0001530424256289726
1822	0.00017749445914829495
1823	0.00015354237662147538
1824	0.0001459570137430302
1825	6.350806711336967e-05
1826	7.502610166597426e-05
1827	0.0001874855124011457
1828	0.0001509828865932596
1829	0.00022977386718012514
1830	0.00014845135557685373
1831	0.00013826812985311658
1832	0.0001684716391572267
1833	0.00013329187969477545
1834	0.00013978943428246798
1835	6.350806711336967e-05
1836	0.0003650790359954458
1837	0.00022710898046311972
1838	6.350806711336967e-05
1839	0.00013275717611008027
1840	0.0007045596714073371
1841	0.00013564138698940502
1842	0.0002611401228817911
1843	0.00025702790097622153
1844	0.00015660110090295337
1845	0.00044456533103093526
1846	6.350806711336967e-05
1847	0.0006843920002032491
1848	0.00029282921553570385
1849	0.0002961318046494097
1850	0.0008961105953270564
1851	0.00014316434697183753
1852	0.0002664453139047787
1853	0.00024019540837946722
1854	0.00015966724242890743
1855	0.000457442221411335
1856	6.350806711336967e-05
1857	0.0001693323199602222
1858	0.0006268649955756842
1859	0.00013842809387557033
1860	0.0005978929013860696
1861	0.00018313254752060055
1862	0.000318536534738537
1863	0.0002305977183674791
1864	0.00018060508286474444
1865	6.350806711336967e-05
1866	0.00015021046250231738
1867	0.00024473577378083833
1868	0.00017215451524258324
1869	0.000144892377258827
1870	6.365232104515794e-05
1871	0.00015646091471942185
1872	0.0001394794118178449
1873	0.0003070296387810329
1874	0.0007410609467483866
1875	0.00015736185083829485
1876	0.000546188221212882
1877	0.0011606592612452959
1878	0.0006954139273504697
1879	0.0003462916065928297
1880	0.0001969106864023222
1881	6.350806711336967e-05
1882	6.350806711336967e-05
1883	0.00017223721565185163
1884	0.0003007192272553813
1885	0.00020920944409552364
1886	0.0001609125041647077
1887	0.00034551483814881874
1888	0.0003073342355151687
1889	0.0001369917047332108
1890	0.00025436316005397015
1891	6.350806711336967e-05
1892	0.000157204489239288
1893	0.0001395459435498063
1894	0.00016954227925320033
1895	0.0002118563263037329
1896	0.00040442505891551616
1897	6.350806711336967e-05
1898	0.00026280219187319335
1899	0.0003301006281252842
1900	0.00022809843471257736
1901	0.00019934879120433554
1902	0.00013971991898915806
1903	6.350806711336967e-05
1904	0.00021919286699815274
1905	0.00018758173829658818
1906	0.0001393597497142923
1907	0.00016035969333006686
1908	0.00017893248400060747
1909	0.00017186677537448864
1910	0.00022770858057005345
1911	0.00013242960900021765
1912	0.00035409524657682695
1913	0.00014972455711378716
1914	0.00013987718084903432
1915	0.0001432131675457356
1916	6.350806711336967e-05
1917	0.00014356826124023643
1918	0.0002404931269976961
1919	0.00032034057201993236
1920	0.0001521749477036111
1921	0.00018307330429543926
1922	0.0003577269493762547
1923	0.00019528539401515705
1924	0.0002645231610841495
1925	6.475857007300712e-05
1926	6.506725582771258e-05
1927	6.39986381369913e-05
1928	0.00019579304200384044
1929	0.0004126464131991846
1930	0.0006885140183099252
1931	0.0003429143813441913
1932	0.0001404179383529607
1933	0.0001439352422677407
1934	0.0003044461251949688
1935	0.0001853027565933351
1936	0.00018767244932654716
1937	0.00015593968026160671
1938	0.00018455255990410565
1939	0.000132556588901297
1940	0.00023136584913784747
1941	0.0002469891627904945
1942	0.00019044116050411674
1943	0.0003413764364838317
1944	0.00019004699140726
1945	6.350806711336967e-05
1946	6.823315122749107e-05
1947	6.350806711336967e-05
1948	0.00015661388984980905
1949	0.0001337778217540202
1950	0.0001372127280750472
1951	0.00013701633410495158
1952	0.0002506989727349831
1953	0.0002752430106712303
1954	0.00029376401723086015
1955	0.00048394816830044617
1956	0.0002194965120958582
1957	0.0003326266370190155
1958	6.980756318375957e-05
1959	6.350806711336967e-05
1960	0.00022913862349106427
1961	0.00019391016607418781
1962	0.00012628986991415094
1963	0.00014718963484680494
1964	0.000168916430022549
1965	0.00017295308083748552
1966	6.378606254547214e-05
1967	0.0003039981365520424
1968	0.0002911272365960035
1969	0.00028018651390366667
1970	0.00013112978065208183
1971	8.840848770896457e-05
1972	0.00024919252738485136
1973	0.00016918857500515023
1974	0.00018979822763594853
1975	0.0002951404918888951
1976	6.44486007132636e-05
1977	0.00020315545339539236
1978	0.0003703377830518136
1979	6.350806711336967e-05
1980	0.000192572923580647
1981	6.350806711336967e-05
1982	0.0001562722462135838
1983	0.0015558058364898955
1984	0.00013509020367742503
1985	0.0002417775113156652
1986	0.00029855782018017955
1987	0.00035220152340270845
1988	6.451830368284434e-05
1989	7.63361628377245e-05
1990	0.0001512966852964164
1991	0.00022812472579220134
1992	0.0002469387746317889
1993	6.485338829357012e-05
1994	0.0004095643193296226
1995	0.00024207564994024416
1996	0.0001413219867642567
1997	6.350806711336967e-05
1998	0.00029129632402877877
1999	0.00014050498148433403
2000	6.350806711336967e-05
2001	0.00019422237107337642
2002	0.0005099331446031135
2003	0.000138519787425668
2004	0.0001423673351536415
2005	0.00039589383743198907
2006	0.0001402395859876401
2007	0.00014017446905292992
2008	0.00016198105812340597
2009	0.00015863876891610723
2010	0.0002720364310266145
2011	6.350806711336967e-05
2012	0.00017413186089312434
2013	6.350806711336967e-05
2014	0.000157928229319272
2015	0.00013677271647633395
2016	6.398144974564201e-05
2017	0.0005425663086465003
2018	0.00022496741495305379
2019	0.00029591422459714393
2020	6.350806711336967e-05
2021	0.00021750636154157434
2022	0.0007610485483476054
2023	6.376380326982216e-05
2024	0.0001112172313157231
2025	0.0002540903410372286
2026	0.00054005833191209
2027	0.00020693816353321154
2028	0.0003582730013481027
2029	0.00014999438877785092
2030	0.0001548895839275205
2031	0.0003546742385210799
2032	0.0001502418367513547
2033	0.00028377150463470706
2034	7.03048034921791e-05
2035	6.350806711336967e-05
2036	0.0003005483011947513
2037	0.0002300502617630448
2038	0.00019781026059318348
2039	0.0002327215061265524
2040	0.00025094740303926793
2041	0.00014738364863567247
2042	0.00013753865580375178
2043	0.0003045009849844309
2044	0.00022261760947968562
2045	0.00018147051310598138
2046	0.0008111352699673814
2047	6.350806711336967e-05
2048	0.00016283759752588097
2049	0.00013573597973481666
2050	6.604003766200245e-05
2051	0.00017867264821460916
2052	0.0001466744310914502
2053	0.00012170051746457515
2054	6.350806711336967e-05
2055	0.00016873771406559937
2056	0.0002861509276648654
2057	0.00015078444170789782
2058	0.00016196810272443927
2059	6.562651917701136e-05
2060	6.454010331473726e-05
2061	0.0001352011529818158
2062	0.00015125839193051135
2063	0.00014430408638669282
2064	6.350806711336967e-05
2065	6.350806711336967e-05
2066	0.00014220993395785517
2067	0.00023965824472888482
2068	0.00024169751353589773
2069	0.00014431690279752442
2070	0.0003121821254134561
2071	6.350806711336967e-05
2072	0.0003857605341387725
2073	6.350806711336967e-05
2074	0.0003836985606973536
2075	6.350806711336967e-05
2076	0.0004352670844108079
2077	6.350806711336967e-05
2078	6.350806711336967e-05
2079	0.00032243734946427063
2080	0.0001394168183641841
2081	0.0004975711863660867
2082	6.350806711336967e-05
2083	0.00033503981171781344
2084	0.00011811808517645188
2085	0.00015350272655238246
2086	0.0001635093016030573
2087	0.0017317904038931541
2088	0.0001369416075882939
2089	0.0005534724175352582
2090	0.00016696459527872168
2091	6.350806711336967e-05
2092	0.000301396044260286
2093	0.00013699455686708536
2094	0.00019904659463684303
2095	0.0006957969390690176
2096	0.00021712562426829125
2097	0.0002032964511757708
2098	6.486752225522348e-05
2099	0.0002501207236539579
2100	0.0004001087576887738
2101	0.00015525025338735228
2102	0.00017912098357211653
2103	0.00048145815741133547
2104	0.0004156510168382007
2105	0.0003846192173428055
2106	0.0003041451739576551
2107	0.00018683727864577263
2108	0.0002951622910712614
2109	6.968456473667864e-05
2110	0.00023015653949293814
2111	0.0004961166873821666
2112	0.0001555694312300175
2113	0.0006891535933360584
2114	0.00030884838546155137
2115	0.0002003967639466712
2116	0.0005030440467629525
2117	0.0002482839623714191
2118	0.000317480171691639
2119	0.0002370754922012718
2120	0.0002885106102382126
2121	0.0002114520545875536
2122	0.00014894738485307649
2123	0.0001941991646406574
2124	0.00015889455109297768
2125	6.537140834758622e-05
2126	0.0003388027851958147
2127	0.000244556640169119
2128	0.00021237159593566948
2129	0.00014351486544722226
2130	0.0001407675431301637
2131	0.000398465116749901
2132	6.350806711336967e-05
2133	6.39371569024201e-05
2134	0.00026728522854058747
2135	6.741149227044547e-05
2136	0.00011808543481528173
2137	0.00014631387586565178
2138	0.0007777176692791898
2139	0.00016715818076266687
2140	0.00029147423399954506
2141	6.350806711336967e-05
2142	0.00017877986829736942
2143	0.00033961257806628835
2144	6.41014591578485e-05
2145	0.0002553390667561007
2146	0.00014265747377078977
2147	6.439171706355412e-05
2148	0.0001342111805458189
2149	6.368698632675248e-05
2150	0.00020061530256717259
2151	0.0004413350476688058
2152	0.00019649757105967344
2153	0.00014152950474993046
2154	0.00021242919726453856
2155	0.0001714793464232648
2156	0.0002319091435978741
2157	0.00025767027418194895
2158	0.00012563750014888412
2159	6.350806711336967e-05
2160	0.00020668317416692474
2161	0.0001422380740939578
2162	0.0007685203419034301
2163	7.421321768111233e-05
2164	0.00019746895335888138
2165	0.00021752881068235025
2166	6.350806711336967e-05
2167	0.00016113997841441332
2168	0.00016678020548092107
2169	0.0006735797539877241
2170	0.00021141728498509204
2171	6.918539313750834e-05
2172	0.0003312395153899915
2173	0.0002435072902662211
2174	0.0001624027311506789
2175	0.0002516504523089288
2176	0.00026429102193070974
2177	0.00021673120691262411
2178	0.0001376417269238531
2179	0.0001667426535276392
2180	0.0004312485839777915
2181	0.00018690966420610217
2182	0.000234568428041698
2183	0.0001588635622573944
2184	6.350806711336967e-05
2185	0.0001378991346947921
2186	0.00013442678492446661
2187	0.00028595295956521734
2188	0.0001638712681417481
2189	0.0002442214675638117
2190	0.000253209792879363
2191	0.00019369155307271207
2192	0.00013192786322196561
2193	0.00012916248263860448
2194	0.0001839885155553416
2195	0.00015990018983201473
2196	0.0003114364116151401
2197	0.0001369778647006281
2198	0.00013031792281733917
2199	0.00014280640880708978
2200	0.00021275595276896048
2201	0.0001628382719235884
2202	0.0001549021327767874
2203	0.00040603382972061945
2204	0.00015484931973569195
2205	0.00024395663613624023
2206	0.00029632386706742494
2207	0.00019155492886771387
2208	0.00016305249668409808
2209	0.0001975840774764252
2210	0.00024338897879624534
2211	6.350806711336967e-05
2212	0.00024958950769270345
2213	6.350806711336967e-05
2214	6.350806711336967e-05
2215	6.357754697329927e-05
2216	6.350806711336967e-05
2217	0.00020035444043915674
2218	6.350806711336967e-05
2219	6.350806711336967e-05
2220	0.00021512418365263934
2221	0.00017630958219501508
2222	0.0003160885556794331
2223	0.00015779817662730264
2224	0.0001852370955037442
2225	0.00021235360311211177
2226	0.00014694636227778352
2227	0.00016814747139084287
2228	0.00015720287810455522
2229	0.00021162420628605016
2230	0.00023976466863733875
2231	6.350806711336967e-05
2232	0.00017989605274967531
2233	0.00014872081471616234
2234	6.350806711336967e-05
2235	0.0002852358783987399
2236	0.00014794870499259817
2237	0.0001586843841706357
2238	0.0006468439294724816
2239	0.0002585175308699221
2240	0.00018681526429501204
2241	0.00014496249263706005
2242	6.350806711336967e-05
2243	0.00029811993896402416
2244	0.00016485770793072744
2245	6.350806711336967e-05
2246	0.00023363425592331824
2247	6.350806711336967e-05
2248	0.00016939284669361364
2249	6.350806711336967e-05
2250	0.0001515209530256046
2251	8.628852116112376e-05
2252	0.00016854433099580478
2253	0.00029953742332574463
2254	6.350806711336967e-05
2255	0.00013521761885802687
2256	0.00013507736470848107
2257	0.0001677991406379756
2258	0.0002793081540481303
2259	0.00014536008176501596
2260	0.00013827127532602262
2261	7.23512099660264e-05
2262	6.367578685000489e-05
2263	0.0002136218655478566
2264	0.0001370712160582307
2265	0.00022788722008619644
2266	0.00015914241312368167
2267	0.00022198242667560667
2268	0.0001371367868799913
2269	6.428927619694747e-05
2270	0.00013092531939664823
2271	0.00020552323511359078
2272	0.00013719660360741727
2273	8.506961892825786e-05
2274	0.00012888479060913776
2275	0.00025505885930362853
2276	0.00014810611486043871
2277	0.00025453520686038414
2278	0.00030890548668571896
2279	0.0003057070772245266
2280	6.350806711336967e-05
2281	6.431268758208308e-05
2282	0.00014917528596068485
2283	0.0002076497612618203
2284	0.0002838569408436777
2285	0.00017113722323596964
2286	0.0001433851171930085
2287	0.00030721218875432354
2288	0.00013776135668340078
2289	0.000132279547403121
2290	0.00013756458077283625
2291	0.00013201177374074034
2292	0.0003619276228330638
2293	0.00014810499429036665
2294	0.0004216548337700541
2295	0.0001272798416970451
2296	0.00023918329318392754
2297	0.00015616823075382782
2298	0.0008337628585384824
2299	0.0003261849334492479
2300	6.350806711336967e-05
2301	0.0002490826785800746
2302	0.00023039596628320579
2303	0.0003995113599519891
2304	0.00032687804209518797
2305	0.0004105037161515678
2306	6.360563891410386e-05
2307	0.00014981701170839324
2308	0.00022270909350428762
2309	0.00018647769369322057
2310	6.350806711336967e-05
2311	0.000822816851178682
2312	0.00012611055286633547
2313	0.00033186138721509503
2314	0.0005309956633210999
2315	0.00015293983500450962
2316	0.00014021508102101673
2317	0.00026037236752385925
2318	9.049918539024926e-05
2319	6.350806711336967e-05
2320	6.576071847852129e-05
2321	0.00034076805037758576
2322	0.00011745001249765272
2323	6.350806711336967e-05
2324	0.0001301218048444636
2325	0.0003533889158093862
2326	0.00013725708485938396
2327	0.00022935104059714433
2328	6.991602172124106e-05
2329	0.00039741558647465777
2330	0.0001364623437644758
2331	7.908386166635445e-05
2332	0.00017945437368668344
2333	6.350806711336967e-05
2334	0.00013325159583342725
2335	6.446691958986806e-05
2336	0.00025724974780699344
2337	0.0002713880409995457
2338	0.0007889246938978219
2339	0.0001352862249485358
2340	0.0004799683521859568
2341	6.350806711336967e-05
2342	0.00017188414221656954
2343	0.00016741213020964285
2344	0.0002181352706468971
2345	0.00015215811495347112
2346	0.000587335514205437
2347	0.0001537438285852967
2348	0.00024695451708041247
2349	0.00014328899629886192
2350	7.18550610034893e-05
2351	0.0001728847906073658
2352	0.0002538402895606037
2353	7.400064559522872e-05
2354	6.350806711336967e-05
2355	0.00016233929231815423
2356	0.00014063454148608982
2357	0.00016813002619443028
2358	0.00012030698274048088
2359	0.00016269196748916728
2360	0.00015530126828423266
2361	0.0002155623076704131
2362	0.0001470488012847074
2363	0.00024660545223372866
2364	0.00016451524600952184
2365	0.0002472938048054907
2366	0.0002242216727214178
2367	6.350806711336967e-05
2368	0.00020078931747862365
2369	0.00033524701378107497
2370	6.350806711336967e-05
2371	6.350806711336967e-05
2372	0.0003126061384800161
2373	0.00037970349862041954
2374	0.00017831349057586233
2375	6.350806711336967e-05
2376	0.0004060266921630589
2377	6.3599338793326e-05
2378	0.00017254429816813477
2379	0.0002185669386989228
2380	0.00019780675949201658
2381	0.00015600388405478987
2382	0.00017765058040065002
2383	0.0001558324331354545
2384	0.00020210704228458754
2385	0.00021319818030337146
2386	0.00015946855875223958
2387	0.00026604212729172943
2388	0.0001978044340968169
2389	0.00015816677555452964
2390	0.0001518755168607925
2391	0.0003761385892081351
2392	0.00017679457646587867
2393	0.00028307052555225635
2394	6.350806711336967e-05
2395	0.00040981252767332
2396	0.000999351097527912
2397	0.00012899586196161143
2398	0.00023068402353640757
2399	6.359184015383869e-05
2400	0.0001593437389172388
2401	0.00038447344779548714
2402	0.00023346394126252224
2403	0.000254415783418537
2404	0.00024112384390650562
2405	0.00015603299250470176
2406	6.350806711336967e-05
2407	6.350806711336967e-05
2408	0.00021166490619049455
2409	0.00047295254198062006
2410	0.00016183699388136474
2411	0.00014510702342401867
2412	6.37018490443329e-05
2413	0.00021146120047714793
2414	0.00015281164574952762
2415	6.5843215688753e-05
2416	0.00012697513074736333
2417	8.392958893235516e-05
2418	6.410796911040507e-05
2419	0.00018867227029607006
2420	0.00018157600455760814
2421	0.0002240907510126478
2422	9.625000029381889e-05
2423	6.350806711336967e-05
2424	0.00016253432504461317
2425	0.00015346999462716794
2426	0.0001583229864356304
2427	0.0005363523474914487
2428	0.00015939943686302116
2429	0.0001432096729646631
2430	0.0003337550900827809
2431	0.00018095153958349482
2432	6.350806711336967e-05
2433	0.00017938647254293755
2434	7.183554354276502e-05
2435	0.00015335469934322802
2436	0.00023766437328576532
2437	0.00023409471813967794
2438	0.00028000556480836127
2439	0.00019081711696927855
2440	6.350806711336967e-05
2441	0.0004141386388629887
2442	0.00014081047658057714
2443	0.00033114955261249514
2444	0.00014553313483850054
2445	6.350806711336967e-05
2446	6.931004720378127e-05
2447	0.0003577297539161532
2448	0.00015791593627102014
2449	0.00023535490415645192
2450	0.0001691426116330567
2451	6.350806711336967e-05
2452	0.0003203697745371728
2453	0.0001386489273379116
2454	0.00022775210072230263
2455	0.00016783090516387823
2456	0.0003165477020528961
2457	0.0003982801863861208
2458	6.659660533968571e-05
2459	6.350806711336967e-05
2460	6.350806711336967e-05
2461	0.00016331029844754837
2462	0.00012578995015008883
2463	9.091165385533892e-05
2464	0.00022311643361531201
2465	0.0001387454172875549
2466	0.0001640643435905878
2467	6.350806711336967e-05
2468	0.00022004770527568745
2469	9.097261376515866e-05
2470	6.350806711336967e-05
2471	0.00016606183342893747
2472	0.00016068617064492479
2473	0.00012823504787223635
2474	0.00014179595546290016
2475	0.00020142886256635382
2476	6.37656273740001e-05
2477	0.000467856823622385
2478	0.0001411644299035901
2479	0.00043954194972884017
2480	0.00013941594062085775
2481	6.350806711336967e-05
2482	0.00015988654616178123
2483	0.00021101839028675167
2484	0.00019694578544072192
2485	6.362087526659324e-05
2486	6.401748156542727e-05
2487	0.0002654665669865768
2488	0.0005201790215282922
2489	0.00017384610767037673
2490	0.0003605081849297681
2491	0.00013716149825500855
2492	0.0005376240551974226
2493	6.350806711336967e-05
2494	0.0001557978582104073
2495	0.00014607416242486696
2496	0.000532060872845028
2497	0.00019264058878027827
2498	6.435340672153029e-05
2499	0.0002250055612216667
2500	0.00020584434797252916
2501	0.00013536865740175377
2502	0.00013274093613627603
2503	0.0002106418126960722
2504	0.00014961441584187039
2505	6.661717586721e-05
2506	0.00015972080488667345
2507	0.00015315480240391145
2508	0.0003224704177412151
2509	0.000629569013728453
2510	0.0001589580770352714
2511	0.0002944888298979767
2512	6.350806711336967e-05
2513	6.350806711336967e-05
2514	0.00013862171958446562
2515	0.00023817975416843656
2516	0.0001687655379180293
2517	0.00022473146720631843
2518	6.350806711336967e-05
2519	0.00013675838740077168
2520	0.0001719370987590009
2521	0.00028312583460053014
2522	0.00019986305319188186
2523	0.00014665591043068027
2524	6.350806711336967e-05
2525	6.350806711336967e-05
2526	9.032234463924182e-05
2527	0.00016148106794613856
2528	6.350806711336967e-05
2529	7.432951978302187e-05
2530	0.00015118586731992462
2531	0.0003762021000094868
2532	0.00019627342624726652
2533	0.00032799792689939487
2534	0.0001849899792663144
2535	0.00019058455100643497
2536	6.355936407158837e-05
2537	0.00029444138724562467
2538	6.350806711336967e-05
2539	0.0004551547580201033
2540	0.00017866266901255546
2541	6.350806711336967e-05
2542	0.00014133035610718327
2543	6.353198170858304e-05
2544	0.00022937010792630622
2545	0.000205605501950007
2546	6.43851114898394e-05
2547	0.00013931147695916203
2548	6.350806711336967e-05
2549	0.00014978959488830962
2550	0.00014997687009483853
2551	0.0001720597768878469
2552	0.00018412811009823035
2553	6.350806711336967e-05
2554	0.00014927150193214524
2555	0.000135436989190669
2556	0.00013788085958422907
2557	6.511882383145308e-05
2558	0.00018728920952781574
2559	0.0001108728303070549
2560	6.452645950716075e-05
2561	0.00020209715304659123
2562	6.350806711336967e-05
2563	0.00019815375856210382
2564	0.00020258392042623032
2565	6.350806711336967e-05
2566	0.00017987183376233065
2567	0.00018805474826749153
2568	6.401434659233177e-05
2569	0.00021374611947701095
2570	0.0002611399518206124
2571	0.00016181658310600717
2572	6.350806711336967e-05
2573	6.350806711336967e-05
2574	0.00013225561525696418
2575	0.00014814288538002145
2576	0.0001608901374215929
2577	0.00018625893396929168
2578	0.0002287416699410999
2579	0.00017284160206358933
2580	6.456332586687255e-05
2581	6.598889850909093e-05
2582	0.000236081818033143
2583	0.00015792758139615467
2584	0.0001792439299761729
2585	6.601837632672586e-05
2586	6.350806711336967e-05
2587	0.0001422834372626375
2588	6.357568960645653e-05
2589	6.350806711336967e-05
2590	0.00020865759019660565
2591	0.00014782326957536512
2592	6.365104156618493e-05
2593	0.00018475388782628123
2594	6.350806711336967e-05
2595	0.00017939876340677396
2596	6.350806711336967e-05
2597	6.350806711336967e-05
2598	0.0001373543561313275
2599	0.0001505082835161985
2600	6.350806711336967e-05
2601	0.00019557574258577138
2602	6.350806711336967e-05
2603	0.00021283239734298115
2604	0.00021555533616342756
2605	6.350806711336967e-05
2606	0.00019506122061899663
2607	0.00034179556939208154
2608	0.0001883927159817588
2609	0.0004106005567040402
2610	0.0005319371852299671
2611	0.00014015569375963805
2612	6.353088503335876e-05
2613	6.350806711336967e-05
2614	0.00015312704020795583
2615	0.000141680431368884
2616	0.00020790487320097447
2617	0.00015276625159752895
2618	6.374772034017337e-05
2619	0.00014777018740873152
2620	6.350806711336967e-05
2621	0.0001406130011961768
2622	0.00014128207428796798
2623	6.583658607984283e-05
2624	0.00018866715749068093
2625	6.350806711336967e-05
2626	0.00013324429356198893
2627	0.00014273456895694275
2628	0.0003361448548058129
2629	0.0003937926235580195
2630	7.71125917293728e-05
2631	0.00019660619027056633
2632	0.00015737347427836274
2633	6.350806711336967e-05
2634	0.0001866554673533384
2635	0.0001579390138001769
2636	0.000276719072262425
2637	0.00014614445500735245
2638	0.00024657331150426155
2639	0.00020301376907290778
2640	0.00017658464282754212
2641	0.00014869786971758426
2642	0.00013181847979787208
2643	0.0017063547085746388
2644	0.00023379647664322517
2645	0.00031137462344367896
2646	0.0001644603943925982
2647	0.00013701704939048312
2648	0.0004428321575296057
2649	0.0005889600406045848
2650	0.0001327022076350584
2651	6.35422939933533e-05
2652	6.350806711336967e-05
2653	0.00023565367580107114
2654	6.350806711336967e-05
2655	0.00014627623796686166
2656	6.350806711336967e-05
2657	0.00014104908083407755
2658	0.00015316086865126534
2659	0.000199448346142821
2660	0.000231710350219662
2661	0.00016647222272293653
2662	6.383475534328258e-05
2663	0.00011757002240155925
2664	6.350806711336967e-05
2665	0.00012837160010597393
2666	0.00013584265228843746
2667	6.350806711336967e-05
2668	0.0004007273074616348
2669	0.00018304868534696914
2670	6.350806711336967e-05
2671	0.00028383993012193263
2672	0.00016257487581158422
2673	0.00015601487853208887
2674	6.350806711336967e-05
2675	0.00020107133358758183
2676	6.350806711336967e-05
2677	0.0001635339256738186
2678	0.00014758323128405063
2679	0.0003166753506828675
2680	0.00014162156971499017
2681	6.350806711336967e-05
2682	0.00027109874237679177
2683	0.00024181541373181098
2684	6.530532862448785e-05
2685	6.350806711336967e-05
2686	6.350806711336967e-05
2687	6.64672825106974e-05
2688	0.00020761036128861347
2689	6.350806711336967e-05
2690	6.350806711336967e-05
2691	0.00015822846432621084
2692	0.00013946516120453255
2693	6.350806711336967e-05
2694	6.350806711336967e-05
2695	6.353089468152788e-05
2696	0.0012047217575715595
2697	0.00021628328017236318
2698	0.00016365273243895
2699	6.350806711336967e-05
2700	0.0001173553471500555
2701	0.00015739783693625065
2702	6.350806711336967e-05
2703	0.0001669463728160256
2704	6.350806711336967e-05
2705	6.359399279455395e-05
2706	0.00013387260514366052
2707	6.350806711336967e-05
2708	0.00013645233935805063
2709	0.00013985935887264242
2710	6.98187601507178e-05
2711	0.00012894882917444928
2712	0.0009427603172764473
2713	6.350806711336967e-05
2714	6.350806711336967e-05
2715	6.350806711336967e-05
2716	0.00015382559215061832
2717	0.00019932964384139626
2718	6.350806711336967e-05
2719	0.00017872438436019285
2720	6.381402626745073e-05
2721	0.0001427411879228737
2722	0.00021605092528376868
2723	0.00014691913075701792
2724	6.365390586429714e-05
2725	7.224064247837199e-05
2726	0.00016245365462835677
2727	0.00022394604043202908
2728	0.00024080065725597374
2729	0.00027094196035855653
2730	0.00016005782654298465
2731	6.350806711336967e-05
2732	7.007182294788601e-05
2733	0.00040967574595571996
2734	0.00013760001809987344
2735	0.0001801856043438858
2736	0.00015130201998049466
2737	6.359656064321983e-05
2738	6.350806711336967e-05
2739	0.00014853844913103622
2740	0.00015247167016929305
2741	6.611653482906674e-05
2742	6.350806711336967e-05
2743	6.350806711336967e-05
2744	0.00021854499425158114
2745	6.350806711336967e-05
2746	0.0001417308361054339
2747	0.00011891015571533638
2748	6.350806711336967e-05
2749	0.00016224547616558015
2750	0.00018271798852432752
2751	0.00014835260445756146
2752	6.350806711336967e-05
2753	6.363941965353485e-05
2754	0.0001598310096069405
2755	0.0001888160960506591
2756	7.612521064625278e-05
2757	6.436351487394039e-05
2758	6.350806711336967e-05
2759	0.0001487647468877375
2760	7.272342793213275e-05
2761	6.366307273240477e-05
2762	0.00015988842683312008
2763	6.350806711336967e-05
2764	0.0002372180963965115
2765	6.350806711336967e-05
2766	6.350806711336967e-05
2767	7.951121949228941e-05
2768	6.350806711336967e-05
2769	6.350806711336967e-05
2770	0.0001450108687407723
2771	0.00032008400022716664
2772	0.00041447474186986964
2773	0.00015033530160926022
2774	0.00013350718015789603
2775	6.350806711336967e-05
2776	6.353089468152788e-05
2777	6.350806711336967e-05
2778	6.350806711336967e-05
2779	0.00017641026915082335
2780	6.350806711336967e-05
2781	6.350806711336967e-05
2782	6.35970112950915e-05
2783	0.00015279361706387176
2784	0.00012668973842948402
2785	6.350806711336967e-05
2786	0.00028525405840625745
2787	0.0001576660086708134
2788	0.00016269130743852767
2789	6.350806711336967e-05
2790	0.00015027113748501567
2791	0.00015014911132671318
2792	6.350806711336967e-05
2793	0.00015451466486967333
2794	0.00015342869326028487
2795	0.000140993349499139
2796	0.00016463830309423135
2797	6.350806711336967e-05
2798	0.00011749526580753886
2799	6.350806711336967e-05
2800	6.424222945398073e-05
2801	6.355360671581098e-05
2802	6.350806711336967e-05
2803	0.00013316324559805085
2804	0.00015608659324991634
2805	6.350806711336967e-05
2806	0.00013317547463084222
2807	0.00013441249998284686
2808	6.350806711336967e-05
2809	0.00017518120600127493
2810	0.00016685648909208053
2811	0.00013712871937265767
2812	0.00016197927412487704
2813	6.350806711336967e-05
2814	9.880359348252569e-05
2815	6.350806711336967e-05
2816	0.00013924042220566014
2817	6.350806711336967e-05
2818	6.350806711336967e-05
2819	8.355750604627381e-05
2820	6.371005052036038e-05
2821	0.00011883684608753819
2822	0.0001536785459347595
2823	0.00038428961719777705
2824	6.46497132769446e-05
2825	6.350806711336967e-05
2826	6.350806711336967e-05
2827	6.350806711336967e-05
2828	0.0001417868675082561
2829	0.00021838245963399133
2830	0.00013936560486766124
2831	0.00012432714713062
2832	6.353089468152788e-05
2833	6.353087539334186e-05
2834	0.0003361761022250784
2835	0.00013333738770505147
2836	6.54296890123358e-05
2837	6.350806711336967e-05
2838	6.37999759445793e-05
2839	6.350806711336967e-05
2840	6.36159672995223e-05
2841	6.350806711336967e-05
2842	6.350806711336967e-05
2843	0.00013129911952740282
2844	6.350806711336967e-05
2845	7.381140294247634e-05
2846	6.38718147920873e-05
2847	6.350806711336967e-05
2848	0.00015031639737341954
2849	0.00011796721041260255
2850	6.353081772386026e-05
2851	6.353850387091395e-05
2852	6.350806711336967e-05
2853	6.350806711336967e-05
2854	0.0003522685714982406
2855	6.364316971245501e-05
2856	0.00013754021878106294
2857	6.350806711336967e-05
2858	0.00022904250937695714
2859	6.451422772701079e-05
2860	0.000165702330054283
2861	0.0002609794498709205
2862	6.350806711336967e-05
2863	0.00024950235685540154
2864	0.00031294738634265134
2865	0.00014924277442624997
2866	6.350806711336967e-05
2867	0.00014643378687929324
2868	0.00014268348770423323
2869	6.350806711336967e-05
2870	0.00011749526580753886
2871	6.350806711336967e-05
2872	6.350806711336967e-05
2873	6.353083691459032e-05
2874	0.00024567010385344345
2875	6.350806711336967e-05
2876	0.00016236493635644016
2877	6.350806711336967e-05
2878	6.350806711336967e-05
2879	6.353083691459032e-05
2880	0.00014313598121705912
2881	6.353089468152788e-05
2882	6.350806711336967e-05
2883	6.350806711336967e-05
2884	6.350806711336967e-05
2885	6.350806711336967e-05
2886	7.418045379513485e-05
2887	6.353084652210138e-05
2888	6.350806711336967e-05
2889	0.00014963101622739885
2890	0.0001423857262081649
2891	0.0001527515318982645
2892	0.00013188560741524607
2893	6.35307222534008e-05
2894	6.350806711336967e-05
2895	0.00015538658129472864
2896	6.350806711336967e-05
2897	6.350806711336967e-05
2898	6.406754358961128e-05
2899	0.00030498050135191755
2900	6.361355512559807e-05
2901	0.0001494776826762613
2902	0.0001424606990998839
2903	6.350806711336967e-05
2904	6.353089468152788e-05
2905	6.350806711336967e-05
2906	6.357117487456487e-05
2907	0.00014408524911798526
2908	0.0001237517679221452
