0	0.00010081594693615348
1	0.00039112528412031894
2	0.000598932776643485
3	0.00016587398365851838
4	0.0015685686710184294
5	0.000882679152192557
6	0.00018804477386498504
7	0.0013139217880194188
8	0.00014660458233019442
9	0.00351791521304619
10	0.00023665904453396114
11	0.001267083413165455
12	0.00037355896518579806
13	0.0002809786512142124
14	0.00016545461055379051
15	0.0002908877335210309
16	0.000374981512561573
17	0.00018149696646453594
18	0.00012113403954409014
19	0.0015088702185284083
20	0.0005105553677350119
21	0.01970438495583887
22	0.00013015291166341031
23	0.0008746761894212196
24	0.0003255943945358729
25	0.0008250004658206397
26	0.000204356887851826
27	0.0002800792450934107
28	0.0004335404268980787
29	0.0002906748158628587
30	0.0003470277464903682
31	0.0001532487690879655
32	0.0003313363846388552
33	0.0013404131277124738
34	0.002815272780588894
35	0.00034897928747263225
36	0.00014470527552548493
37	0.0002422829316551391
38	0.0012173305349783576
39	0.00015640085790484076
40	0.00970406771381502
41	0.00015207112867275424
42	0.0008688658473841476
43	0.0008549127504084889
44	0.0006844200180944486
45	0.0006156721326975508
46	0.001735524088200508
47	0.00032368982011433993
48	0.002084121498020683
49	0.00019206126835795252
50	0.00022713247908304337
51	0.00014765809168385897
52	0.0002028107961529046
53	0.0006720531855113047
54	0.000495496106546556
55	0.0002137575407396419
56	0.00018888893200131056
57	0.00018731791509798634
58	0.00021719135195967626
59	0.00014261978109991714
60	0.0002043239206389067
61	0.003537204176309652
62	0.00023290968684780484
63	0.04007103922417045
64	0.00030714352471409716
65	0.00030211451487827736
66	0.00020812520206704054
67	0.004042243700833202
68	0.0002758400290499476
69	0.00905017576461719
70	0.00044173931050831017
71	0.0002452587860251054
72	0.00040974048419086667
73	0.00021388404163600445
74	0.0004348427787238816
75	0.002147992636978485
76	0.0003072588778418925
77	0.000449186083787319
78	0.00046669638524249936
79	0.0004285280999527507
80	9.887548816769998e-05
81	0.00023720201192576726
82	0.001053609838714318
83	0.0002884576776765945
84	0.00022286417377299716
85	0.0001499115136195493
86	0.0006452716231460519
87	0.00039900555827706674
88	0.0026578541802312525
89	0.00011970889043853432
90	0.00035976229597819076
91	0.00017362871092508502
92	0.00018993332485135435
93	0.00014662498211008302
94	0.00794572771427932
95	0.0005377758952388353
96	0.000245760159742307
97	0.00023856547077870654
98	0.0008655220480356273
99	0.0020224092693203865
100	0.00016157807288102302
101	0.002867319723348824
102	9.887548816769998e-05
103	0.0001620838580125474
104	0.0002368499525820728
105	0.00015010204301341043
106	0.03373040964554737
107	0.0003257646680186842
108	0.00015577642491162828
109	0.0005262708507176052
110	0.00013621563169913926
111	0.0007919047264506015
112	0.006212546417684682
113	0.001154686792372852
114	0.0001412647643517573
115	0.0002492557319649758
116	0.00012313404940920687
117	0.0033967026044557434
118	0.00022494973259166832
119	0.001249708408259033
120	9.887548816769998e-05
121	0.0008515627792822139
122	0.0001828196690868903
123	0.0006774204686762548
124	0.00013567083843963235
125	0.00015565654720974773
126	0.0015745744816793293
127	0.000407528200015992
128	0.0007473168537118243
129	0.0001637902479568292
130	0.0001157016696520658
131	0.00027112150710670356
132	0.000576542135718216
133	0.00012668249617161706
134	0.003327673451628515
135	0.0002251081771740904
136	0.0009688079057597089
137	0.000283301785261026
138	0.0003995532658506422
139	0.00024519881842495006
140	0.0001321004670561308
141	0.00014908764024551953
142	0.0010409521361747962
143	0.0004009294379884587
144	0.00024995143712625896
145	0.00015386222494569285
146	0.00040256986452960673
147	0.000228598956200662
148	0.00038893326124365236
149	0.00036868619721476043
150	0.00020662488778365234
151	0.0009766366379655917
152	0.00018163980463135903
153	0.0001854142987475851
154	0.00033348043570693574
155	0.0001695339433753239
156	0.00018049692299362387
157	0.0008956917109110395
158	0.00016395639866354186
159	0.0011272794785710909
160	0.00013656404493231225
161	0.000981251456399393
162	0.00017546331616827502
163	0.0003204255490400706
164	0.00023812041411699596
165	0.0005257639343222557
166	0.0001865227887756706
167	0.0005695191392480961
168	0.00020772597502869084
169	0.000995720471980711
170	0.00011012409207874246
171	0.00029634029274279515
172	0.00022437733343068163
173	0.00023768644954013626
174	0.00023838713001267452
175	0.00039483756570626356
176	0.00015967117319275572
177	0.00043292230740258177
178	0.00016499669392806566
179	0.001059880169220936
180	0.0003249980837865024
181	0.0006332182456830736
182	0.0003465025740424541
183	0.00039498214121362374
184	0.0004186919802236985
185	0.00048075381913617105
186	0.00018212495966810332
187	0.00015564448342292442
188	0.00046602215625760193
189	0.012956528058486563
190	0.0001863606658369276
191	0.0021404124934620056
192	0.0002931997386110521
193	0.00019473296896154653
194	9.887548816769998e-05
195	9.887548816769998e-05
196	0.00037698055655013097
197	0.0004417194163191227
198	0.00017083756325298092
199	0.0004381785708705318
200	0.00015261111019368326
201	0.0018412573291886809
202	0.0003011112430427836
203	0.0001501563420094478
204	0.00025878635457388056
205	0.00012886065715142205
206	0.00029631172698188046
207	9.887548816769998e-05
208	0.00016694019450503474
209	0.0002460326157208016
210	0.000105572942873118
211	0.00038174053332188144
212	0.00023731488795694712
213	0.00035045515834080396
214	0.00015180112720588538
215	0.0009029038405098767
216	0.00011837788713920567
217	0.00919349861812273
218	0.00012940913773875322
219	0.0001567684970067383
220	0.00017475395008232923
221	0.0016281529150193102
222	0.00023855918911207296
223	0.001000796844340461
224	0.0017608442465531947
225	0.0004447974605193967
226	0.0002886258610964607
227	0.00022560099604484438
228	0.0002659306630273686
229	0.0006203683825688662
230	0.0001790185118317038
231	0.0005072916840356422
232	0.0009250975285158613
233	0.0002990056399556075
234	0.00043716016556510614
235	0.00013654948637440803
236	0.0003941505829058635
237	0.0003960043967409477
238	0.0002959794851448423
239	0.0003802634500579086
240	0.0003285099725285571
241	0.0003291995246010704
242	0.00012337378144243035
243	9.887548816769998e-05
244	0.00014094094187861453
245	0.00012930438880641968
246	0.00032007268016884043
247	0.00013020200171568667
248	0.00013989050245345204
249	0.000167551859599991
250	0.00020950895764099763
251	0.00014661450033771553
252	0.0018987442772823572
253	0.00016913917809367228
254	0.00021490905121720422
255	9.887548816769998e-05
256	0.00017264109187165922
257	0.0004928669184755502
258	0.00020634916687069523
259	0.00012281920389030186
260	0.0012419161003154604
261	0.00013914799074122238
262	0.0002795894750209155
263	0.0002186321899670663
264	0.00027006440736276395
265	0.00020730913151332912
266	0.00016909575517835655
267	0.00017945564659433452
268	0.0009204931570663791
269	0.00042356206309076004
270	0.00034646386056736046
271	0.0001274792558578032
272	0.001284720864992869
273	0.000355399551681383
274	0.0015860365885558103
275	0.0014106770915838815
276	0.00029825490390562843
277	0.0005615499354331309
278	0.0014527997775338514
279	0.0006698582151679007
280	0.00016708695993707259
281	0.00026584558091038274
282	0.0005430776715375372
283	0.00039081018003062177
284	0.0003268132703193235
285	9.887548816769998e-05
286	0.0009478126949031142
287	0.00021378411972433075
288	0.00016202345512354287
289	0.0003132582395619131
290	0.0009194069295310695
291	0.00020326564206714722
292	0.0015599348108953936
293	0.00034184013577202865
294	0.0003404912282061428
295	0.00013609610772269404
296	0.0002739432711440038
297	0.00021314499870391708
298	0.00015941734505436027
299	0.0007599280610415876
300	9.887548816769998e-05
301	0.0002546321416557277
302	0.0003187602579299873
303	0.00024994457037269205
304	0.0001694866111328952
305	0.0001584505917891649
306	0.0005638317399387192
307	0.0001919298075421586
308	0.0002543901547153533
309	0.00036264563572932295
310	0.0002880021622701631
311	0.00018670505444890216
312	0.00020082969173282824
313	0.0001774495102965162
314	0.0005020570069706573
315	0.00015875051651844174
316	9.9940436362913e-05
317	0.0007990146992500341
318	0.00020962152932482622
319	0.00014664298330757268
320	0.00034083194510036113
321	0.00030927506387661783
322	0.0012633486947435726
323	0.00028261819766735394
324	0.00022888115893475043
325	0.0012428822393227732
326	0.0003077057191858739
327	0.0003792754666150802
328	0.00013572557143693448
329	0.00011170780771683713
330	0.00017508605753206033
331	0.0002734058012577199
332	0.0014597123698642076
333	0.00025180018939688386
334	0.00022289911776194699
335	0.0011823219859851547
336	0.00014586177987200444
337	0.0002943066228708387
338	0.0019579975715191293
339	0.0001757481814117228
340	0.0003838673505669021
341	0.00023829356744180138
342	0.0002447471712281161
343	0.0001351947634512651
344	9.887548816769998e-05
345	0.00013562513306632099
346	0.00021059104798577702
347	0.0002054607181216105
348	0.0002045952079455431
349	9.887548816769998e-05
350	0.00040997973800654995
351	0.00026924579250052906
352	0.0005807810036145398
353	0.00016638989067766817
354	9.887548816769998e-05
355	0.0001679232674021159
356	0.00010747291826856589
357	0.0030651413492467305
358	0.00013052549325924686
359	0.00012385201657901586
360	0.0002971098741163931
361	0.00030119945435372585
362	0.0003500249831053491
363	9.887548816769998e-05
364	0.00017561491568292382
365	0.0006185931764647649
366	0.0018904218693218625
367	0.00022960547031749697
368	0.0006137443784562262
369	0.00015368306320333983
370	0.00012428341930722717
371	0.00013252785113643164
372	0.0002528203278113682
373	9.887548816769998e-05
374	0.0001776096206826432
375	0.00028900542593257426
376	0.0004896844618991556
377	0.0005186405858776702
378	0.00020457592055739393
379	0.00030923699555650107
380	0.0011874888861415044
381	0.0002577967404944921
382	0.0002635786628211672
383	0.00012332628854233937
384	0.003334481525717824
385	0.00017775710270404708
386	0.0005619497444531078
387	0.0001835351813356202
388	0.001538739700993105
389	0.0009831033684087956
390	0.00013441701654403503
391	0.00033895901585244805
392	0.0008350081973769821
393	0.0003797301423498649
394	0.0018346430513603595
395	0.0001424971234341739
396	0.0003730257380722666
397	0.0001318851158882941
398	0.0001805554281017452
399	0.00025611378546613786
400	0.005907926261663275
401	0.0006070600502142245
402	0.00010288172185445374
403	0.0009517729578376908
404	0.0002456589050960419
405	0.00020193002033095015
406	0.00046363133429627685
407	0.00015462441845926763
408	0.0001638874572580697
409	0.00036428336973581355
410	0.00019983568125166493
411	0.00010495462470398698
412	0.00021083037244280255
413	0.00011071647406016809
414	0.0002457649579139848
415	0.00012921335675700348
416	0.000503926973389573
417	0.00027019833041688074
418	9.887548816769998e-05
419	0.00011504047766290598
420	0.00015521361233241884
421	0.0001252947780603583
422	0.00014338270995023895
423	0.00013348635944698562
424	0.0003757530183626482
425	0.0001255045245199253
426	0.0005904860191351031
427	9.887548816769998e-05
428	0.00041519026555647716
429	9.887548816769998e-05
430	0.0001454425528860707
431	0.00018999033611326297
432	0.00022117501417360662
433	0.0002446515202133754
434	0.0005860572266047875
435	0.0011439955379775918
436	0.0005021194928294575
437	0.00023959592826738142
438	0.0001098615958518933
439	0.0001629877926831632
440	9.887548816769998e-05
441	0.0003515185432222487
442	0.00024333904219963267
443	0.00031802228005649525
444	9.887548816769998e-05
445	0.0002713252392958695
446	0.0005590065601201173
447	0.0017393688023224557
448	0.0002848892846465782
449	0.0001962576216305415
450	0.000257033191494669
451	0.00020520918453744553
452	0.0006924442319484934
453	9.887548816769998e-05
454	0.00012691912397497636
455	0.0005898060081704354
456	0.00016469351226014412
457	0.00011354798020686647
458	0.00017092670087603541
459	0.00035974871038084075
460	0.0004702725606318808
461	0.00013761336854545397
462	0.0005511622688539227
463	0.00025807984496945306
464	0.00013986163242664596
465	0.0001157016696520658
466	0.0008469008219004396
467	0.00026965543850240907
468	0.00029586188434976374
469	0.00027834571355511456
470	0.00011031232845065523
471	9.887548816769998e-05
472	0.0002774348317283918
473	0.0002434242317312358
474	0.0013324635222431592
475	0.0003503734675292267
476	0.0002936475657455044
477	0.00030944129524628736
478	0.00024002830456958937
479	0.00015299854111926577
480	0.00013622372376409427
481	0.0017205404083613907
482	9.887548816769998e-05
483	0.00010824971136480868
484	0.00012671209515652878
485	0.0011035752149998182
486	0.00017494432516096422
487	0.0005809969488024118
488	0.00011990821502315726
489	0.00014421546181888636
490	0.00039419599653874065
491	0.0002028809541561765
492	0.00023926987852184944
493	0.00010873096356629668
494	0.0015764378610084555
495	0.0005221972608102586
496	0.0006480290232517704
497	0.00037079411188908467
498	0.0002997513846086861
499	0.0005063289012544788
500	9.887548816769998e-05
501	0.00012224518467376363
502	0.00034257206938697216
503	0.00025063222892637534
504	0.0001371962857130102
505	0.00046128652363260986
506	0.00021954502393906
507	0.00018750293046019975
508	0.001506207476817397
509	0.0009138123990905291
510	0.0012409434762053633
511	0.00032386830553826894
512	0.0002852981963940579
513	0.0007238035616544548
514	0.00038870850601385444
515	0.00040999406067371633
516	0.00033440286129433585
517	0.00020182358256271222
518	0.0009835997644386065
519	0.0011966228246713903
520	0.00030042714083274654
521	0.0002292696267611318
522	0.00023393006441948196
523	0.00021417142460202293
524	0.00010456820453121101
525	0.0002663363874943304
526	0.00016303059999905274
527	0.0001231214952915315
528	0.00012506650491227498
529	0.00019305372971805386
530	0.00022413507008635472
531	0.00035542871452447656
532	0.0003110573394124672
533	0.0001323577277483407
534	0.00011820339374707331
535	0.0006431694108755827
536	9.887548816769998e-05
537	0.00015388363595013533
538	0.0002787465165999932
539	0.00023252362883090187
540	0.0002386756101354741
541	0.00022651370520275008
542	0.0003274085151049627
543	0.00020639234491358577
544	0.00015984076826123774
545	0.00013914885696133627
546	0.00013567699248527698
547	9.887548816769998e-05
548	0.0013177102306082978
549	0.0002267612236468799
550	0.00028299928127529324
551	9.887548816769998e-05
552	0.0002847149338806742
553	0.0005595397114174531
554	0.0004541475884556642
555	0.00010451594188841051
556	0.00026710406829100045
557	0.0007084160502925442
558	0.00021834668286087284
559	0.0016256788565387308
560	0.0001259664850382417
561	0.0001254205440252903
562	0.00022606404789380334
563	9.887548816769998e-05
564	0.00014511517115204829
565	0.00022991612497544686
566	0.00027181557475799685
567	0.0003442974075481453
568	0.00034219483144992777
569	0.0004645163888918269
570	0.0002870394541857398
571	0.00034626129064989683
572	0.0004162826048528093
573	0.0002637431556313895
574	0.000144376428808602
575	0.00033384647221362893
576	0.0004292912902300003
577	0.0002510614641730831
578	0.00033319088980908907
579	9.887548816769998e-05
580	0.00015462981330232977
581	0.00022287700465584343
582	0.00023016391805322976
583	0.00047087624005322373
584	0.00023248482822999918
585	0.00011409495009482692
586	0.0003640130764008837
587	0.0005607295211513085
588	0.00010074506388818506
589	0.00016630806394559472
590	0.000226685218234667
591	0.00019131392837674056
592	0.001836559990831503
593	0.0002487979126155831
594	0.00029991024799889596
595	0.0005573160979315667
596	9.887548816769998e-05
597	0.0002065667259187803
598	9.887548816769998e-05
599	0.00037102945193084175
600	0.00020709495496759592
601	0.0007273343927399101
602	0.00019901099245612318
603	0.00011542057095264073
604	0.0013141629527653135
605	0.000884166288790709
606	9.887548816769998e-05
607	0.00017825585667038835
608	0.00033168422386650374
609	0.00021228642253633487
610	0.0003887131445189734
611	0.00011033762069181488
612	0.0006342213640015556
613	0.00036517289301341493
614	0.00013910544495586202
615	0.0004276481985977192
616	9.887548816769998e-05
617	0.000472256643727318
618	0.00029951292286252814
619	0.0001871903809026902
620	0.0002957582833919986
621	0.0001383506922007536
622	9.887548816769998e-05
623	0.00015075621441116126
624	0.0002888771728279449
625	0.0006997871497975411
626	0.00046637733464598814
627	0.00011089418922796128
628	0.0001597869383822851
629	0.0011271652342885697
630	0.0003505809886279485
631	0.00011050598506192501
632	0.00011729876021565941
633	0.0002826281099823347
634	0.0001740604607707504
635	0.0007630587610285445
636	0.0015597885541574897
637	0.00011213247964023063
638	0.00012858278843278322
639	9.887548816769998e-05
640	0.00015766946588130926
641	0.00017953113840005102
642	9.887548816769998e-05
643	0.00011068366563536634
644	0.0004585155570569898
645	0.00019570892725393298
646	9.887548816769998e-05
647	0.0004581799062566293
648	0.0002726395019062004
649	0.002146798005922509
650	0.0008995181330925482
651	0.0006328286494676062
652	9.887548816769998e-05
653	0.00018134693012944157
654	0.00032375502644289557
655	0.00015334158451729216
656	0.00013875706453072043
657	0.0015012583485281869
658	0.0025116012315803604
659	0.0006883665741616057
660	0.00011984051408913556
661	0.000752103355038046
662	0.00018692151831838094
663	0.0002753699436323456
664	0.0001715290115110209
665	0.00021262341610781018
666	0.0002930441998277109
667	0.0004140033440435292
668	0.00029914562578711474
669	0.00011616763688520641
670	0.00015483626057205367
671	0.00023268727423085596
672	0.00014648456309807297
673	0.00011341397177809973
674	9.887548816769998e-05
675	0.00018299785715929486
676	0.00036616860871711
677	0.00030616182880090984
678	0.00024036192876145977
679	0.0003696399819647872
680	0.00042331084835831604
681	0.00029559254024306086
682	0.00017710348105936022
683	0.00014091216242985587
684	0.00010976635106085005
685	0.0003407843524852858
686	0.0002883986802978383
687	0.0005344544089224169
688	0.00014909076194432328
689	0.000242516186406916
690	9.887548816769998e-05
691	0.0011000394019846245
692	0.00013830832964476268
693	0.0002766856682958762
694	0.0005037654866386709
695	0.0003293717324004265
696	0.00026157364355707
697	0.00016157008138284373
698	0.0002427069341637778
699	0.0002462719139821836
700	0.00014520321589134026
701	0.0006452576094418054
702	0.00016513649818144317
703	0.0002287889728298931
704	0.0003475355829375893
705	0.0007097535542360581
706	0.0005361125386339236
707	0.00031966218762077695
708	0.00046958821161819357
709	0.00021358199444848196
710	0.00017703897765871052
711	9.887548816769998e-05
712	0.00020786329615124125
713	0.00015958684345366848
714	0.00015240675673741424
715	0.0003986190562073828
716	0.0028120446753249254
717	0.000451988805952238
718	9.887548816769998e-05
719	0.0001611857908409381
720	0.0002242145512774062
721	0.00020882785663400396
722	0.00021116727773411604
723	0.00013771381194942333
724	0.00026230861117667155
725	0.0005586313375176021
726	0.00027013185615084624
727	0.00024470730464080053
728	0.00021596941537411368
729	0.0010409148209865019
730	0.0018557891860797849
731	0.000554007615261017
732	0.0002202145621800507
733	0.0002972886103662413
734	0.0004127391057477694
735	0.00031106740779279286
736	0.00018779509918000095
737	0.0001655614068541117
738	0.00022155168483537575
739	0.00029016107270756896
740	0.00021150203437157007
741	0.00013293062120125674
742	0.0003936470401489016
743	0.00017084272929132027
744	0.00011504047766290598
745	0.00028685718746307155
746	0.0002822276135390774
747	0.00010302177660264467
748	0.00011640754058758256
749	0.0010561154028373558
750	0.0004925386422791361
751	0.0002993537698583596
752	0.00023477669494571392
753	0.0002608281257403067
754	0.00030673224318660073
755	0.00025220172730203887
756	0.00010158938840711381
757	0.0002283337207906206
758	0.00043321715937959596
759	0.0006186071338405522
760	0.00021162724641826677
761	0.00028730041428087706
762	0.0002866601386679364
763	0.000399692418952896
764	0.0006318287650646702
765	0.00021579648978277513
766	0.0004695598496419045
767	0.0001336791811981015
768	0.00016120365516845536
769	0.00014587594307867007
770	0.00016631844628991918
771	0.00023158023866035363
772	0.00020462573283586922
773	0.00010999830806247363
774	0.0003978157133973105
775	0.0006311693390731276
776	0.0007408974507198769
777	0.0003201746197290236
778	0.0004570801031924489
779	0.0002610276558286993
780	0.00030223142047308785
781	0.0002188082733571089
782	0.00017616956349967346
783	0.00031674403605947305
784	0.00030956502422598947
785	0.0003605704329002596
786	9.887548816769998e-05
787	0.00028782991756302336
788	0.00016582174910349706
789	0.0001235279241370076
790	0.00027620839598640394
791	0.0005217578655249751
792	0.000394108484651251
793	0.00017228495598201274
794	0.0004384419373972024
795	0.00018830466809213885
796	0.001121029916099761
797	0.0002815465822547809
798	0.0001530516524721634
799	0.00024653009504316096
800	0.00012504335636719511
801	0.00010866484671343958
802	0.0001866065658898927
803	0.00044137068877122805
804	0.00013015565128185586
805	0.00021999723376993515
806	0.00011880563862821502
807	0.0002571617312777314
808	0.00012255495991527078
809	0.00014753824963788232
810	0.0001417895257065325
811	0.000312156645797842
812	0.0001917019852224082
813	0.00019202192211173976
814	0.0017036376724805387
815	0.0002781034456492412
816	9.887548816769998e-05
817	0.00010647945866844443
818	0.0005179387981554458
819	0.0003417407536203049
820	0.0003930835665675211
821	0.00029218332389994864
822	0.0027123699893280354
823	0.00027819241936336274
824	0.00022621781714675076
825	0.0002915666497701776
826	0.00025097653010103
827	0.00025212635990099115
828	0.00019737539799789594
829	0.00014094094187861453
830	0.0002363371361187882
831	0.0002326743569109667
832	0.00047884280881634934
833	9.887548816769998e-05
834	0.00026955970008515765
835	0.00014539916203498582
836	0.00019342269839949352
837	0.00022053420436129531
838	0.00016471172355708057
839	0.00018273125134527686
840	0.00021246159095505838
841	0.0002061880397207526
842	0.0002827234513852663
843	0.00023190454294974138
844	0.00014165296298112825
845	0.0008629444405147221
846	9.887548816769998e-05
847	0.00012264884306795927
848	0.00010074506388818506
849	0.0008354743251946055
850	0.00047182215802819475
851	0.00012679698648880214
852	0.00015135037496401187
853	0.00015711432393646739
854	0.00026081472660750935
855	0.00023163104305500638
856	0.00023960413158638903
857	0.0005565256904196588
858	0.001005215615612138
859	9.887548816769998e-05
860	0.00019041935400607258
861	0.00017315377647140128
862	0.000921307051009096
863	0.000122318324366138
864	0.000181229969987096
865	0.00034439876161867225
866	0.00023114954923700784
867	0.0001763577152290954
868	0.00012787193355715597
869	0.0005316724165831082
870	0.0002138769505971048
871	0.0003841864030368275
872	0.0009710374146866897
873	0.00013881801651266246
874	0.00031817053880565683
875	0.0002827628013712105
876	0.0011517629517240773
877	9.887548816769998e-05
878	0.00024892501596477783
879	0.0001838490667314089
880	0.0003506726934864787
881	0.00015273194522827336
882	0.0007318698135694129
883	0.0001157016696520658
884	0.00013842389877892833
885	0.00015296132761525775
886	0.0002917183717791225
887	0.00026380136356474366
888	0.00015394767134934177
889	0.0006323024521472935
890	0.0001656220788693853
891	0.0006812179711191362
892	0.00015149089144801767
893	0.0006313990238942549
894	0.000247044335384103
895	0.00027717034747989585
896	0.0001171636679266066
897	0.0003616451316286598
898	0.00014112638424254906
899	0.00010115220088215959
900	0.00030211422835755886
901	0.00011963230250163008
902	0.000911391526755583
903	0.000296458240200439
904	0.00046151377367465015
905	0.00032355173984022776
906	0.00020011971754323662
907	0.00018641340862759616
908	0.0003206906237325303
909	0.0003869068072775735
910	0.0003423982136559759
911	0.00020393140464014094
912	9.887548816769998e-05
913	0.00013129645606185135
914	0.0002116450180704504
915	0.0001572408339982582
916	0.0006137076234570184
917	0.00017378834913278344
918	0.00014131091845933014
919	0.0005335652987860666
920	0.0003047950309810093
921	0.0002893437067155013
922	0.00014573116422009457
923	0.0001286461013483806
924	0.00015434859081863578
925	9.887548816769998e-05
926	0.0001215578406588794
927	0.000688275171899014
928	0.001267871414525249
929	0.00038766570877756174
930	0.0002789895729111097
931	0.0002467482120638374
932	0.00018552625055864643
933	0.00014765715549653184
934	0.00010854226072234571
935	0.00013190713662788732
936	0.0004805066062430873
937	9.887548816769998e-05
938	0.00011089418922796128
939	0.00019090434120356477
940	9.887548816769998e-05
941	0.00029268730391275686
942	0.0001839780094271667
943	0.00026131532698997527
944	0.0001686314599053519
945	0.0004899694533122231
946	0.0006631221299235567
947	0.00035182624975024914
948	0.00025564411767014703
949	0.00015784208301944657
950	0.00038437054909421306
951	0.00033334077919827324
952	0.00021788584105766857
953	0.00025643694242090994
954	0.0002681907541882035
955	0.00016666052363575813
956	0.00018910784973525703
957	0.00042737071042917084
958	0.00017721728779560852
959	0.00010382436507486639
960	0.000367401496693468
961	0.0010003123245302301
962	0.00014568175794491505
963	0.00014875072943159568
964	0.00020691764921461516
965	0.00017504038304939505
966	0.0001996512947037419
967	0.0004280928236184797
968	0.00034186845404846273
969	0.00020367351598624941
970	0.0002366113962865344
971	0.00011523555032715238
972	0.0002777895567920895
973	0.0001262625993919909
974	0.0002699414025439109
975	0.00017405197215222424
976	0.0005071596188141406
977	0.0002346304185439337
978	0.00030898165532070645
979	0.00015821832159672105
980	0.0012947811554868387
981	0.0003052127992867692
982	0.0002533952107887233
983	0.0038212561185650105
984	0.00028458269144813596
985	0.0011068145497983265
986	0.00036534383190450716
987	0.00017086579072737211
988	0.00020064368634962736
989	0.00027564570313943484
990	0.00019789727251639204
991	0.00015318124034392996
992	0.00014995173788885885
993	0.0001398613631786462
994	0.0002325497144474474
995	0.00013619586115731552
996	0.00031944178194052655
997	0.00012972348755570397
998	0.00021047386555356985
999	0.0002559603241310182
1000	0.00022235789095371707
1001	0.0006272385596034429
1002	0.0002612574019010313
1003	0.00033618510440102875
1004	9.887548816769998e-05
1005	0.00029554976265098895
1006	0.0008310392014682401
1007	0.00010074506388818506
1008	0.00019365136082439966
1009	0.00014927704998487086
1010	0.0002498077368106188
1011	0.0008623143007493453
1012	0.00015664040911256505
1013	0.0001226221152625711
1014	0.0005209057801649072
1015	0.00020607676721383882
1016	0.0006300586392812796
1017	0.00035071723395723093
1018	0.00016790095875087515
1019	0.0002534773333740789
1020	0.00016583677879025813
1021	0.00027583764467577904
1022	0.00018021428430710693
1023	0.0002541129899880586
1024	0.00012530432983384052
1025	9.887548816769998e-05
1026	0.0003502163643628277
1027	0.00022224008024029104
1028	0.00016233766458338244
1029	0.0001323577277483407
1030	0.0002482416724776394
1031	0.0004179262876876579
1032	0.00010652375247877536
1033	0.00011198600432104448
1034	0.00013176573664291978
1035	0.0001455164045278691
1036	0.00031167669342768906
1037	0.00023403898719530456
1038	9.887548816769998e-05
1039	0.00024064747499074967
1040	0.00015873355921852244
1041	0.0001535792033913521
1042	0.0002732109526803692
1043	0.0007288646642153664
1044	0.00023053068225385297
1045	0.005999148346567093
1046	0.00021810124662567147
1047	0.0001717030004689165
1048	0.0002375329615946978
1049	0.0001123119186200034
1050	0.0002950070762701215
1051	0.0001648132381202726
1052	0.00012650849903238085
1053	0.0005019730949870228
1054	0.00017807545090609342
1055	0.00032737647778455177
1056	0.00016322562614324982
1057	0.00010939185159542861
1058	0.00010898337472954795
1059	0.00019472187184519814
1060	0.000167919710892167
1061	9.887548816769998e-05
1062	0.00019887210519977348
1063	0.00015058747002300965
1064	9.887548816769998e-05
1065	0.00012691912397497636
1066	0.00013874718165030433
1067	0.0001157016696520658
1068	0.00022702159186431886
1069	0.0001323588213424152
1070	0.0001440245877869479
1071	0.00017235063600649282
1072	0.0003091389065523294
1073	0.0004727095370427013
1074	0.0001124699311122848
1075	0.00021406691675600613
1076	0.0003600277219781019
1077	9.887548816769998e-05
1078	0.00014094094187861453
1079	0.0002951247777988981
1080	0.00028919875044842883
1081	0.00028337629506695894
1082	0.00021988936491030764
1083	0.0002685633174274333
1084	0.00023509718157101989
1085	0.00010684328951420801
1086	0.00034376480006298953
1087	0.0002101635597132
1088	0.0004441197525834992
1089	0.00016327509536077792
1090	0.00018999953090152193
1091	0.000292278520729603
1092	0.0001559355885292463
1093	0.00026721094524609503
1094	9.887548816769998e-05
1095	0.00022980223852741611
1096	0.0003642841200564974
1097	0.0001960479832487481
1098	0.00015360317760182207
1099	0.0003240266455253107
1100	0.0005204796275436634
1101	0.00027592562383082304
1102	0.00011429888625034726
1103	0.0015070808936300207
1104	0.00014089435575219379
1105	0.00028496883835940005
1106	0.00033069755526264605
1107	0.0005844825130956855
1108	0.00040124245975572373
1109	0.000302890483720993
1110	0.00021757142115316527
1111	0.00014334010362667703
1112	0.0003677485976603009
1113	0.0002746762891758095
1114	0.0007213148458137537
1115	0.0005943100939341243
1116	0.0003820876539651061
1117	0.00010588639711951907
1118	0.0002077625564474565
1119	0.00018877697605239162
1120	0.00043739333097157323
1121	0.00011575337013029031
1122	0.0001103369852535874
1123	0.0008039875799096442
1124	0.0003213503931894232
1125	0.00014354999979108903
1126	0.0004553063132150783
1127	0.0002585472427843277
1128	0.00019297862447244845
1129	0.00022278399155882563
1130	0.0002569674315583279
1131	0.000388084450966559
1132	0.00012334993396314117
1133	0.00015718497914505496
1134	0.00016436022330536292
1135	0.00021495586869580587
1136	9.887548816769998e-05
1137	9.887548816769998e-05
1138	0.0004250487395203623
1139	0.0009106625840588356
1140	0.00023292020634461326
1141	0.00017989819576177293
1142	0.00016016451219147426
1143	0.0002099838442818628
1144	0.00017704952981600444
1145	0.00017424769026291346
1146	0.00024111066503228597
1147	0.0001500659525247243
1148	0.0006893276538026552
1149	0.00010451594188841051
1150	0.00020400290464450964
1151	0.000186216887420909
1152	0.00034453635705579123
1153	0.0005036801674311915
1154	0.0002122803286937564
1155	0.00015688528844413354
1156	0.0001458961008676187
1157	0.0001479174491477156
1158	0.0002460953044011887
1159	0.00023357018054308984
1160	0.0006492026143014395
1161	0.0002847136115659808
1162	0.00020516777505720016
1163	0.000123640128628478
1164	0.0005864612543300534
1165	9.887548816769998e-05
1166	9.887548816769998e-05
1167	0.00019496904946104675
1168	0.00016999535871829274
1169	0.00030064815644689866
1170	0.0001748239533687684
1171	9.887548816769998e-05
1172	0.00014206296915374294
1173	0.00020574970677856685
1174	0.0001598201114019994
1175	0.00026874413196169
1176	0.0008742717279202129
1177	0.00022958039916633668
1178	0.0005192568709783108
1179	0.00033013780288262306
1180	0.0001716955457120959
1181	0.00015796026797994378
1182	0.00022541375608267004
1183	0.00012499127752382865
1184	0.00011875680363200694
1185	0.00029351280472678006
1186	0.00015468979237365905
1187	0.00014876697741136866
1188	0.00022117516222128452
1189	0.0006051142880966731
1190	0.0001388456626132029
1191	0.00029364796837370595
1192	0.000297345487219786
1193	0.00018503250332353773
1194	0.0001299563100186191
1195	0.000151162314744945
1196	0.00016944404396321657
1197	0.0002918308168637589
1198	0.0002213529904938971
1199	0.00023476518161423798
1200	0.0005721948092944753
1201	0.0002660148610893675
1202	0.00023714376069958263
1203	0.00030174142474343526
1204	9.887548816769998e-05
1205	0.0001710111938253917
1206	0.0012118991417181331
1207	0.0006832494039057508
1208	0.00037906524517290286
1209	9.887548816769998e-05
1210	0.00029737003061812385
1211	0.00014301188921030577
1212	0.00018563592803155419
1213	0.00019298172617252188
1214	0.00020933096789759625
1215	0.0001301021755774772
1216	0.00028323687072782206
1217	0.00020334093633369581
1218	0.0003647394500695924
1219	0.0001560866481753785
1220	0.0002988080084053916
1221	0.00012665188009210784
1222	0.0015988213842448667
1223	0.0003744620579715136
1224	0.002810089387034714
1225	0.00011228805973838212
1226	0.0001266815495991025
1227	0.0001362890343001314
1228	0.00027647528637122555
1229	0.00021318822297720425
1230	0.00014094094187861453
1231	0.00035865707820953744
1232	0.00016682722189664758
1233	0.00011938165254804356
1234	0.0005213854944160158
1235	0.00018677004839501356
1236	0.00046179400773515937
1237	0.00038656030642664213
1238	0.00037689078855027565
1239	0.0003644816188639987
1240	0.00033845323326617803
1241	0.00017124804926340912
1242	0.002088871651848252
1243	0.00031434568283682745
1244	0.00015336632529915962
1245	0.00016005247239548906
1246	0.00028792828801036785
1247	0.0004665507675663869
1248	0.0005857931626424166
1249	0.00011268191424928317
1250	0.00014905554402218452
1251	0.00032184385728506096
1252	0.00018795369648696062
1253	0.0002381801578918136
1254	0.0005071941873951106
1255	0.00031389870443218924
1256	0.0004479801014635585
1257	0.0001359131203206885
1258	0.0005418566499836672
1259	0.00015734921013847993
1260	0.00016576484783056104
1261	0.00012037037221804557
1262	0.00016617739750466017
1263	0.00017913565119749206
1264	0.00038244697955346264
1265	0.0002688137905598814
1266	0.00031002994470169005
1267	0.00017851545434214905
1268	0.00015407273801454205
1269	0.0001458238303178008
1270	0.0013686744114946889
1271	0.0002072445131386047
1272	0.00016116419821339274
1273	0.00048033404139113196
1274	0.00015316923991117912
1275	0.00018912613256106284
1276	0.0001818006621425924
1277	0.00020628143057238889
1278	0.0002770995172268448
1279	0.0003564794135321146
1280	0.00020893213033652358
1281	0.00019743652522420142
1282	0.0002145959129443074
1283	9.887548816769998e-05
1284	0.0001230512675198491
1285	0.00021459900869162695
1286	0.0025765725992073977
1287	9.887548816769998e-05
1288	9.887548816769998e-05
1289	0.0002062089173618688
1290	0.00012186519506817116
1291	0.00010939185159542861
1292	0.0001518108576151308
1293	0.00012507313867500037
1294	0.00026474519617653036
1295	0.0003477751822558286
1296	0.00017483844274136933
1297	0.00011247524183956081
1298	0.00013684265804396158
1299	0.0001520865569855413
1300	0.00018592138806811434
1301	9.887548816769998e-05
1302	0.00022573027944549045
1303	0.00021054246204428768
1304	0.00011486108068977823
1305	0.00017925152098726362
1306	0.0002434369927247825
1307	0.000196928200927977
1308	0.001223969962301597
1309	0.0002132422603547853
1310	0.001407631119374243
1311	0.0003206684589134461
1312	0.0001657639427819857
1313	9.887548816769998e-05
1314	0.0003244829965600676
1315	0.0001588101704332587
1316	0.00032282492468355985
1317	0.00023649742848293724
1318	0.0001201710581882874
1319	0.00027982047027654054
1320	0.0003794453623272123
1321	0.0003337148659593752
1322	0.00038633663815240883
1323	0.0001802864394862484
1324	0.00016487424970595575
1325	0.00012745468259290818
1326	0.00033789505398439335
1327	0.0006373537186364374
1328	0.00018967921914082685
1329	0.00016433455309010708
1330	0.0016970324828208946
1331	0.00025608259542873847
1332	0.00031869440445136466
1333	0.0008468314954888434
1334	9.887548816769998e-05
1335	0.00030384587438648874
1336	0.0002066432982123018
1337	0.00032198123496095493
1338	0.00024286894858793678
1339	0.00011638351261098786
1340	9.887548816769998e-05
1341	0.00038189526731083123
1342	0.00020547518601225087
1343	0.0002054708275702739
1344	0.0006458019507081954
1345	0.0002878195173850978
1346	0.00024130766062445346
1347	0.00021683843505690886
1348	0.00015366082344798354
1349	0.00019365947357619448
1350	0.0003471785875615316
1351	0.0002466869722414375
1352	0.0002726808445290777
1353	0.00013161207342202456
1354	0.00021290388820223191
1355	0.00025887795715142016
1356	0.00015685333890189587
1357	0.00012399206847330934
1358	0.00021393311500724304
1359	0.0005843452385664302
1360	0.00032373804643420214
1361	0.00040673066010073726
1362	0.0001538165447073519
1363	0.00010617735155705807
1364	0.00025227047326698416
1365	0.0003021074109688449
1366	0.0001692930034401183
1367	0.00016416260443626415
1368	0.00011736163337764457
1369	0.00021096392743537556
1370	0.00011609526440272727
1371	0.0001967169929622113
1372	0.00043815983114458125
1373	0.00012835067676385638
1374	0.0002656112385996189
1375	0.00011253250063447268
1376	0.0002582746671882473
1377	0.002668805525143359
1378	0.00025891262120254646
1379	0.0014334167348559403
1380	0.00015144950680181886
1381	0.00019276536613895145
1382	0.0001763542556683595
1383	9.887548816769998e-05
1384	0.0001409563188792994
1385	0.0002666736886635632
1386	0.0001556645072698288
1387	0.000289370428076946
1388	0.00024794099272432515
1389	0.0001157016696520658
1390	0.0001703493362261057
1391	0.0002467173351153489
1392	0.0001002108993966179
1393	0.00023799762745686955
1394	0.00010294222018900702
1395	0.00033054632787791956
1396	0.00012944177548165285
1397	0.00023436635691162624
1398	0.00019427178481152237
1399	0.00020088544192396518
1400	0.0001359617101910862
1401	9.887548816769998e-05
1402	0.0003029340583547663
1403	9.887548816769998e-05
1404	0.00020561430011417926
1405	0.0005443788964843668
1406	0.00016760785968882432
1407	0.0004275502606206292
1408	0.00016222954119443633
1409	9.887548816769998e-05
1410	0.00020025607950552193
1411	0.00021469768574249571
1412	0.000355821045097923
1413	0.0001421941931310971
1414	0.00010074506388818506
1415	0.00034131288986864635
1416	0.00016500421321287174
1417	0.0005845643287695879
1418	0.00015962107145316794
1419	0.0002964812569399151
1420	0.000143674047615026
1421	0.00010074506388818506
1422	0.000252128013981965
1423	0.00020404738676399182
1424	0.00027706451797709767
1425	0.00023061405507785867
1426	0.00018178843486029114
1427	0.00026727696117747625
1428	0.0003465421957490743
1429	0.0002146493880507629
1430	0.00025402022523662404
1431	0.00038298075058981843
1432	0.00022271786675105197
1433	0.00024967579091071494
1434	0.0001047059238796944
1435	0.0003687624682506642
1436	0.0002878579718646824
1437	0.00036065682296876903
1438	0.00016491800486687953
1439	0.00019965344779334062
1440	0.0002526459136956835
1441	0.00012972348755570397
1442	0.00022779504154435938
1443	0.0002522216132046876
1444	0.0004430940177483314
1445	0.001027259460133695
1446	0.0002869978275787481
1447	0.0004115506207359467
1448	0.0002104933307274675
1449	0.0003240605889552382
1450	0.00011414973223942379
1451	0.00011872322463480664
1452	0.00017919760850612824
1453	9.887548816769998e-05
1454	0.00018918482963339522
1455	0.00016768646733066977
1456	0.0002787250998126996
1457	0.00016032378590120311
1458	0.00016104643790687255
1459	0.0001285147266364968
1460	0.00041427079322890574
1461	0.0002115561222856954
1462	0.00040045009117751986
1463	9.887548816769998e-05
1464	0.00011289730607133817
1465	0.00021527886252680932
1466	0.00025185274085769225
1467	0.0003205496829611818
1468	0.00021163500704596136
1469	0.00013532040886783697
1470	0.0006364670532922605
1471	0.00017885640914592542
1472	0.0008403281417217965
1473	9.887548816769998e-05
1474	9.887548816769998e-05
1475	0.00023515996823166452
1476	0.00027947237104886916
1477	0.0001867141581495158
1478	0.00014893611939629703
1479	0.00021782918451003323
1480	0.0001323577277483407
1481	0.00015698038907338173
1482	9.887548816769998e-05
1483	0.00021184616812320087
1484	0.0002469312674113554
1485	0.00015576400651960348
1486	0.0001195078396614429
1487	0.00015670278716259869
1488	0.0005381292569953386
1489	0.0001812963027575805
1490	0.00025805404965524895
1491	0.0001656779709830943
1492	9.887548816769998e-05
1493	0.0001437453054593422
1494	0.0001365056438672562
1495	0.00020401619905909303
1496	0.0014580923903936352
1497	0.00016392464723371652
1498	0.0008463525162045778
1499	0.0004041650892901371
1500	0.0006021082908936722
1501	0.0001010031921619746
1502	0.0002446423285375962
1503	0.00029707177387748373
1504	0.00016278086586627566
1505	0.00013260110549822679
1506	0.0002788601299145804
1507	0.0007579167167454915
1508	0.0005325827689784642
1509	0.0015246155177687537
1510	0.0003097219504718881
1511	9.887548816769998e-05
1512	0.00014994022932523067
1513	0.00014587915744754704
1514	0.0001632913621798355
1515	0.00012402156014577038
1516	0.00022038768202386127
1517	0.00013478816324788716
1518	0.00011764657237354901
1519	0.0006687600602980116
1520	0.0002121745400137465
1521	0.0002987295974270331
1522	0.001012420696282254
1523	0.0007486259539848186
1524	0.00013964197415650335
1525	0.00011268085833277367
1526	0.0005549669079611044
1527	0.00031094255846996074
1528	0.0002127512913523618
1529	0.0004037828942444598
1530	0.00014595072455286806
1531	0.00017883512840902939
1532	0.00021954026141743956
1533	0.0003854042380890136
1534	0.00047483973349913953
1535	9.887548816769998e-05
1536	0.0006101268047365153
1537	0.000275780873639435
1538	0.00020155877570986885
1539	0.00027285942753258146
1540	0.00022414720444970302
1541	0.00010374217221971152
1542	0.000384339557939267
1543	0.00029934576521141394
1544	0.00031271784164053483
1545	0.000508053112300618
1546	0.0002376346500420629
1547	0.00012486344354840288
1548	0.0001574780742075008
1549	0.00018898559885850808
1550	0.00015921051926485956
1551	0.0002567537797652709
1552	0.0001639123529467472
1553	0.00013659732249289696
1554	9.887548816769998e-05
1555	0.00011476688179182325
1556	0.00024031634465329494
1557	0.00010158938840711381
1558	0.0001215192638098565
1559	0.00017119663367235082
1560	0.0005515836192497785
1561	0.0002325497144474474
1562	0.0002072156427852394
1563	0.00021784084771488504
1564	0.0002883764536249596
1565	0.0001309824149686191
1566	0.00010288172185445374
1567	0.00037055349148857876
1568	0.00021974825805496718
1569	9.887548816769998e-05
1570	0.00017484690724133765
1571	0.00011754398906485462
1572	0.0001789142115609615
1573	0.00011276376494844637
1574	0.00020526367836883053
1575	0.00021369697007679757
1576	0.0009737269341789925
1577	0.00011071647406016809
1578	0.0002171870125874594
1579	0.00014504264257643546
1580	0.00023796050749139546
1581	0.00013737549795891173
1582	9.887548816769998e-05
1583	9.887548816769998e-05
1584	0.0002591732914672488
1585	0.00022025481854527515
1586	0.00033783399815422535
1587	0.00011931960942456986
1588	0.00013801560129607178
1589	0.00016043773442462944
1590	0.0002444104660044201
1591	9.887548816769998e-05
1592	0.00023416339663323517
1593	0.0002560499612646168
1594	0.0002031975592797148
1595	0.00015631567784042956
1596	9.887548816769998e-05
1597	0.0002952743468343327
1598	0.0009386467142653334
1599	0.00024248063392454957
1600	9.887548816769998e-05
1601	0.00016222043218382852
1602	0.000293744211190721
1603	0.00011383209393158071
1604	0.0003077701831758478
1605	0.00035463981988569706
1606	0.00013567162587065895
1607	0.0002844531724496391
1608	0.00015417818978290775
1609	0.00022927095522943
1610	0.00011911009075818057
1611	0.0006824810371595275
1612	0.0001943918569562515
1613	0.00017862720397360143
1614	0.00017048605190140046
1615	0.0003151353439224243
1616	0.00023340685288366364
1617	0.00047863441185877335
1618	9.887548816769998e-05
1619	0.00029920949242319607
1620	0.00012860550976894977
1621	0.0002099228705606482
1622	0.0005089689710797098
1623	0.00020802907169166024
1624	0.00016264505573387444
1625	0.0003516846295258586
1626	0.00011982552616218714
1627	9.887548816769998e-05
1628	0.00015669879437984604
1629	0.0001936685067775458
1630	0.000185187497102163
1631	0.0002465788817314704
1632	0.0009622733126298261
1633	0.00020605557245885023
1634	0.00013404159711972907
1635	0.00041815201840397114
1636	0.0001702189777606729
1637	0.00022331006086771362
1638	0.0005439849813153113
1639	0.0002277650435259746
1640	0.0006987689315924677
1641	0.0001593700933158242
1642	0.0009544589694932941
1643	0.0002896492063878876
1644	0.0001418421698605097
1645	0.00013076913110435535
1646	0.00017736969163571965
1647	0.00014124586745896628
1648	0.000216593126375914
1649	0.00011136771732954981
1650	0.000116048608352829
1651	0.00021431111250543437
1652	0.00026672932444790664
1653	0.0003709870792676167
1654	0.00029899562010096296
1655	9.887548816769998e-05
1656	0.00013393003292679545
1657	0.00012072344505898778
1658	0.0001099383978758483
1659	0.00014045425608007146
1660	0.0003627963580360958
1661	0.0001657078073496887
1662	0.0001820340523209297
1663	9.887548816769998e-05
1664	0.0002376117138616057
1665	9.887548816769998e-05
1666	0.0002761205221660435
1667	0.00012873525577339605
1668	0.00019365947357619448
1669	0.00022862354695934054
1670	0.000631167224953734
1671	0.0001594585702525789
1672	0.0005000232740093418
1673	0.000155807890622931
1674	0.00024292990801497657
1675	0.00011587163108120081
1676	0.0002527898449163526
1677	0.0005062930969140869
1678	0.0002533376854113904
1679	0.00016656857204059913
1680	0.00026138855157432374
1681	9.887548816769998e-05
1682	0.00013753295291919304
1683	0.00012095186043576566
1684	0.0009222444299756116
1685	0.00011157603218688334
1686	0.00011298938178931297
1687	0.0001281829178566381
1688	0.00030578631637902774
1689	0.00022795557565979274
1690	9.887548816769998e-05
1691	0.00033882092460981605
1692	9.887548816769998e-05
1693	0.00011539523465094925
1694	0.0001715709995773096
1695	0.0005679418543290449
1696	0.000718339139497995
1697	0.00014622156832365006
1698	0.00011529606596039947
1699	0.00012998955257775174
1700	0.000615428725037429
1701	0.0002565908040798797
1702	0.000173481890861889
1703	0.00012318712904842144
1704	0.0002249110321027028
1705	0.00015806393930566987
1706	0.0002605444875566729
1707	0.000200749848431316
1708	0.0002537463835214075
1709	0.00014455608659865035
1710	0.00016261030809338863
1711	0.00018291876843391582
1712	0.0005460463803829968
1713	0.00013704101271790032
1714	0.00015938646249555872
1715	0.00014881381838199805
1716	0.0001521079416850932
1717	0.00011456850292454422
1718	0.0004368711340703387
1719	0.00025831522996723526
1720	0.00013601813017740085
1721	0.0001649074850677791
1722	9.887548816769998e-05
1723	0.00013084261477462952
1724	0.0003258651231756167
1725	0.0002538395260697645
1726	0.00016719747324314216
1727	0.00023045614611705325
1728	0.00010199144770184179
1729	0.0003237527921521113
1730	0.00020502228656334135
1731	0.0001613923678104622
1732	0.00011931934844364402
1733	0.0001621982360389108
1734	0.0004012945434834746
1735	0.0003684285713186903
1736	0.0001099383978758483
1737	0.00011979371942606776
1738	0.00018454413185607863
1739	0.0003159037174637485
1740	0.0007950461917652525
1741	0.00013794923917678122
1742	0.00023564399560932614
1743	0.00028603675798113157
1744	0.00013120657725197683
1745	0.00019300236085040452
1746	0.000164111575712594
1747	0.0001444172866143377
1748	0.00015668101841371013
1749	0.0005126139421062455
1750	0.00020473950670053985
1751	0.00010823059067436926
1752	0.00022454796201981008
1753	0.00026773840583189804
1754	0.00011915400376363443
1755	0.00027703764760973304
1756	0.00013960814381586915
1757	0.00025126126818534277
1758	9.887548816769998e-05
1759	0.00020362079777249656
1760	0.00015501089478904022
1761	0.00027432291602646564
1762	0.00016921269014230248
1763	0.0003718455799753012
1764	0.00018734539390623576
1765	0.0001531292056166441
1766	0.00021149432448265128
1767	0.00020106361298479958
1768	0.0002363141442978427
1769	9.887548816769998e-05
1770	0.00017165644180538206
1771	0.00010115220088215959
1772	0.00040815875417298203
1773	0.0001451836543098417
1774	0.0002306220281032381
1775	0.000259408898190039
1776	0.00014274020816381226
1777	0.00017159279812659789
1778	0.0003887218923088582
1779	0.00011199357892960289
1780	0.00020860884647505367
1781	0.00012211735019643355
1782	0.00017488749359707693
1783	0.0004791057661480666
1784	0.00024391941545060596
1785	0.00018012507893782432
1786	0.0001380628139789075
1787	0.0002868520400811465
1788	0.00027600126818181356
1789	0.00016576483043008596
1790	0.0008988209249165179
1791	0.00020525523469217092
1792	0.0001454199186651389
1793	0.00015516095029882943
1794	0.00024497999032614193
1795	0.00025332195807683557
1796	0.00015720348652002535
1797	0.0001848456915337673
1798	0.0001389917799192729
1799	0.00021403826175103372
1800	0.00029777198088522776
1801	0.0002355854460667943
1802	0.00016059086503826143
1803	0.0002664999094192208
1804	0.00011098311117951125
1805	0.0001391288140900107
1806	0.00022473210258936482
1807	0.00023488078319836933
1808	0.00034122728451033927
1809	0.00031405425168124987
1810	0.0002723775210344479
1811	9.887548816769998e-05
1812	0.00018552345794732526
1813	0.00020506261312006575
1814	0.00018303924493906184
1815	9.887548816769998e-05
1816	0.00014963290638428752
1817	9.887548816769998e-05
1818	0.00013706824931475255
1819	0.00028968491626786677
1820	0.00023257059552812454
1821	0.0004228540081754732
1822	0.0001323577277483407
1823	0.000128025427205071
1824	0.00036065364633038673
1825	9.887548816769998e-05
1826	0.00011999933334658143
1827	0.00023324053924134218
1828	0.0001547353941817495
1829	0.0001852442686033404
1830	0.00011562509532863728
1831	0.00014730663891684946
1832	0.00035945487084218877
1833	0.00021507092846916094
1834	0.0021734790534998633
1835	9.887548816769998e-05
1836	0.00022466485688163858
1837	0.00016924859869816476
1838	9.887548816769998e-05
1839	0.0001377321300121481
1840	0.000678365412235816
1841	0.0001225659387333474
1842	0.00019680408526451067
1843	0.00016709597269441256
1844	0.0004907466030874986
1845	0.00022767053764729248
1846	9.887548816769998e-05
1847	0.0003970303584381101
1848	0.00027693524520192004
1849	0.00029814883835916164
1850	0.00020731659326219992
1851	0.00010532333333105782
1852	0.00016940973788245363
1853	0.00020078873159735833
1854	0.00015669529045118517
1855	0.0002246335988936181
1856	9.887548816769998e-05
1857	0.00018277276983336523
1858	0.0007028686618156367
1859	0.0009616463794982187
1860	0.00040072356274649
1861	0.00014468229591427505
1862	0.00034551448579540173
1863	0.00019044078297699273
1864	0.0002179586269008371
1865	9.887548816769998e-05
1866	0.00010996776308298771
1867	0.00019789627340198126
1868	0.00021626337894500516
1869	0.00013842278169347413
1870	0.00010779209858318217
1871	0.00020458879672695252
1872	0.00018135744819941068
1873	0.00017911888566487903
1874	0.0004911377530576194
1875	0.00013177811025332772
1876	0.0005650610505783665
1877	0.0003577698809960037
1878	0.00044161587135232983
1879	0.00018781371794085542
1880	0.0001651524349726588
1881	9.887548816769998e-05
1882	9.887548816769998e-05
1883	0.00015034741848203914
1884	0.00019988483335944352
1885	0.0002170674748335197
1886	0.0001724482807763357
1887	0.00022208050709841002
1888	0.00017563897190271365
1889	0.0004838707963287377
1890	0.000149932398095083
1891	9.887548816769998e-05
1892	0.00045802620120406285
1893	0.00012910369643703818
1894	0.00011084277571973532
1895	0.00015187106329509506
1896	0.00032749882404711344
1897	9.887548816769998e-05
1898	0.0001412104359160897
1899	0.0001975096067622393
1900	0.00020196197449466206
1901	0.00013729899877851053
1902	0.00022484851021282477
1903	9.887548816769998e-05
1904	0.00016194397936094944
1905	0.00018074623044853484
1906	0.0001736895582096191
1907	0.0001395842643516119
1908	0.00013723031070437484
1909	0.00017040859721414994
1910	0.00017021507515181103
1911	0.00012139004954116855
1912	0.0005128768736602855
1913	0.00013000192856995902
1914	0.00023101820399477085
1915	0.00012403902432084752
1916	9.887548816769998e-05
1917	0.00016565736802520373
1918	0.00043347244849385806
1919	0.00018185670630980417
1920	0.0002702725069701204
1921	0.00016240718993538038
1922	0.00036222613112015943
1923	0.0001591965824265245
1924	0.0001812768343057328
1925	0.00011947839886393389
1926	0.00010448421532915525
1927	0.00011665624979455668
1928	0.0001718821121219739
1929	0.00017738070091839118
1930	0.0002835632065566116
1931	0.0001836331384449622
1932	0.00012760009939959303
1933	0.00047334909362198096
1934	0.00014406215347492383
1935	0.00016393611074885095
1936	0.00014288085503611032
1937	0.0002107690162250484
1938	0.000291025056033364
1939	0.00019180503471397323
1940	0.0001379504774131182
1941	0.00021828265647832497
1942	0.00021634991862364578
1943	0.0002138518120319822
1944	0.00020703548485659007
1945	9.887548816769998e-05
1946	0.00015112918484139345
1947	9.887548816769998e-05
1948	0.00013455895516481026
1949	0.00019250719072843166
1950	0.0001686859510678728
1951	0.0012273072740246302
1952	0.00014541879202640542
1953	0.00012239624123473947
1954	0.000189882537878641
1955	0.0008982210404603739
1956	0.0001692822660435168
1957	0.00036283972997109486
1958	0.0001194611462882766
1959	9.887548816769998e-05
1960	0.00015427718029754992
1961	0.00024555572957311964
1962	0.0001741480202184522
1963	0.00023172826338463328
1964	0.00014211891920506986
1965	0.00022748916775288585
1966	0.00025308355827754423
1967	0.00024274710636596218
1968	0.00018143965413441724
1969	0.00021156174469417932
1970	0.00024027277128614016
1971	0.00014834255308383447
1972	0.00025295030579256753
1973	0.0001489253048731789
1974	0.0001728688969749792
1975	0.0003008554401526949
1976	0.00010074506388818506
1977	0.00010451594188841051
1978	0.0002873388364980922
1979	9.887548816769998e-05
1980	0.0001479858163523093
1981	9.887548816769998e-05
1982	0.00011592435986827382
1983	0.0007816332532634854
1984	0.00016476879183480625
1985	0.00020687840072577404
1986	0.00019557668390844985
1987	0.00039757284667734977
1988	0.00010597609523077891
1989	0.00013937246224913596
1990	0.00018059873578673028
1991	0.00018586643877138248
1992	0.00025646616299711776
1993	0.00011283576885871031
1994	0.00024654816907976763
1995	0.00015562653600307414
1996	0.00015889529088328232
1997	9.887548816769998e-05
1998	0.00016944760465375283
1999	0.00040016180189540555
2000	9.887548816769998e-05
2001	0.0001341974584486417
2002	0.00012594460759790028
2003	0.00042500467450025566
2004	0.00032983688271126077
2005	0.0015021244748624034
2006	0.00017034450410343294
2007	0.00030931831473741603
2008	0.00014045251901311043
2009	0.00020707258111597493
2010	0.000319887792460533
2011	9.887548816769998e-05
2012	0.00019193582326459632
2013	9.887548816769998e-05
2014	0.00011230879281060518
2015	0.00011736325432142702
2016	0.00010588639711951907
2017	0.0002465253453230879
2018	0.00017896903879246237
2019	0.0005591715035569162
2020	9.887548816769998e-05
2021	0.00017722054244933544
2022	0.0004134075365137593
2023	0.00010167985174842762
2024	0.00015261554375830012
2025	0.0001921806569855519
2026	0.0003004617705644648
2027	0.00015469742744322898
2028	0.00021368657355602387
2029	0.00029977385890226103
2030	0.00013406649871635057
2031	0.0002474011235404888
2032	0.00016437595758208212
2033	0.00019393377949775855
2034	0.00010926959674858832
2035	9.887548816769998e-05
2036	0.0002985316167080323
2037	0.00012338967997569357
2038	0.0001472081513595975
2039	0.00028403131344503313
2040	0.00024129804169034747
2041	0.00022544262046339097
2042	0.00011427928820423106
2043	0.00018817220442659863
2044	0.00018689601861240112
2045	0.00019304605027587352
2046	0.00018497116653060926
2047	9.887548816769998e-05
2048	0.0001801122083062555
2049	0.0001887477039954064
2050	0.0001157016696520658
2051	0.0001630483441549527
2052	0.0001943712491848992
2053	0.00010302177660264467
2054	9.887548816769998e-05
2055	0.00017770381855769293
2056	0.00011038410463443395
2057	0.0005372462077790257
2058	0.00010380480069746063
2059	0.00010722962792047556
2060	0.00010799952517161433
2061	0.0002115655636392238
2062	0.00018464309833839197
2063	0.00015947841215535182
2064	9.887548816769998e-05
2065	9.887548816769998e-05
2066	0.00026877341693241165
2067	0.00031136597082112143
2068	0.00016878849804847346
2069	0.00016985480190704317
2070	0.0002441762717137917
2071	9.887548816769998e-05
2072	0.00022359938808914545
2073	9.887548816769998e-05
2074	0.00022769743579154945
2075	9.887548816769998e-05
2076	0.0007670726223317655
2077	9.887548816769998e-05
2078	9.887548816769998e-05
2079	0.0003336528834026789
2080	0.00011778083014872304
2081	0.00026743644771728834
2082	9.887548816769998e-05
2083	0.0002855068026821014
2084	0.0001970282134931673
2085	0.00012023041210249951
2086	0.00027267849451529367
2087	0.00029964854059727334
2088	0.0002775799880291119
2089	0.00029619823004751203
2090	0.00011965796389514087
2091	9.887548816769998e-05
2092	0.00015772674859882308
2093	0.00017405652514969336
2094	0.0001859272990908576
2095	0.00029488459175167195
2096	0.00026518602703618334
2097	0.00022686511814077207
2098	0.00014094094187861453
2099	0.0001531627143158412
2100	0.0006790789423503458
2101	0.0002287099544787303
2102	0.0001340547883139368
2103	0.00026328356078974765
2104	0.00025614872387817115
2105	0.00036102998612346047
2106	0.00023501012271229203
2107	0.00022651098961628085
2108	0.00030917556617216126
2109	0.0001277203707123271
2110	0.0002561280325933719
2111	0.00023490107190265896
2112	0.0001348079179493664
2113	0.0009622954238728458
2114	0.0001866049211818562
2115	0.0001383726066693294
2116	0.0002740704257018791
2117	0.0001710156977257641
2118	0.0003578345525070039
2119	0.0001358964292391812
2120	0.00015114005096323945
2121	0.00020043465161614268
2122	0.00017596420605305512
2123	0.00014991790722842846
2124	0.0001795049155782928
2125	0.00012042077970195338
2126	0.00014669879427451027
2127	0.0002051771773123791
2128	0.0002876859005553191
2129	0.0002227287715008646
2130	0.0001950301820110758
2131	0.00025212352280764606
2132	9.887548816769998e-05
2133	0.00010308203353879143
2134	0.000171093770613996
2135	0.00011157603218688334
2136	0.0005055770770406216
2137	0.00017352835841543784
2138	0.0002272354799055519
2139	0.00012775942486136226
2140	0.0001711404621714745
2141	9.887548816769998e-05
2142	0.00022787621288117133
2143	0.00044191295924459324
2144	0.00010821400555507823
2145	0.0002446381524091813
2146	0.0001434879089759642
2147	0.00010074506388818506
2148	0.00011524598442629254
2149	0.00012275045067010136
2150	0.00010374217221971152
2151	0.0004259641703333027
2152	0.00010940080873177334
2153	0.0007517064688472976
2154	0.00010865123087941861
2155	0.0001566661124429856
2156	0.0006301251667675543
2157	0.000248485104753035
2158	0.0001898088050751252
2159	9.887548816769998e-05
2160	0.00019677137189218175
2161	0.00021065113904110544
2162	0.00023231994438387488
2163	0.00012647205524009568
2164	0.00021799474790297436
2165	0.00017183229101481052
2166	9.887548816769998e-05
2167	0.00019306411584445152
2168	0.00021369915482365759
2169	0.0010482552341774913
2170	0.00018765631149662485
2171	0.00010770543743859602
2172	0.00024292416586138034
2173	0.00026617878060823734
2174	0.00019230779227098725
2175	0.00026899874475258697
2176	0.00011822167593111141
2177	0.0001240256721324089
2178	0.0002671820758330479
2179	0.0005152989314331981
2180	0.0006794039259506066
2181	0.00020598665032586005
2182	0.0003778016172305997
2183	0.0004984162518314361
2184	9.887548816769998e-05
2185	0.00018491561276480533
2186	0.00015226835220677262
2187	0.0001807231786838832
2188	0.00021281403020572271
2189	0.00015737093195220442
2190	0.00015322048926131232
2191	0.00020709063544293647
2192	0.0004198709101496427
2193	0.00013108304056934993
2194	0.0002203728937388108
2195	0.0001325361603147554
2196	0.00019377601824105756
2197	0.001128033230069016
2198	0.00010469334317363954
2199	0.00044709573029816927
2200	0.00015947324984526707
2201	0.0001830237703643965
2202	0.00011324508628316572
2203	0.0003916435037572415
2204	0.0001342535612732954
2205	0.00015299461906995943
2206	0.0002510917582480474
2207	0.00033668683774248204
2208	0.00013265134505859375
2209	0.00017737919733033504
2210	0.0006274537344887706
2211	9.887548816769998e-05
2212	0.00023033508001758492
2213	9.887548816769998e-05
2214	9.887548816769998e-05
2215	0.00011476688179182325
2216	9.887548816769998e-05
2217	0.0002076259116901875
2218	9.887548816769998e-05
2219	9.887548816769998e-05
2220	0.0002188358170029472
2221	0.00011358708224369612
2222	0.0001844374486724495
2223	0.00013344053913770494
2224	0.00019246760732170328
2225	0.0002511959862137538
2226	0.0001395312009288259
2227	0.00012087403346007692
2228	0.000161343490165117
2229	0.00016289378621021702
2230	0.000263600117751093
2231	9.887548816769998e-05
2232	0.00016656989721115637
2233	0.00025952482250231644
2234	9.887548816769998e-05
2235	0.00014669879427451027
2236	0.0005766807764211165
2237	0.0002677165426251927
2238	0.0002299429054651046
2239	0.00016992542520751785
2240	0.00013405733620050568
2241	0.0001451139413594557
2242	9.887548816769998e-05
2243	0.0002607671018798009
2244	0.00016097586159119576
2245	9.887548816769998e-05
2246	0.00012515139914139932
2247	9.887548816769998e-05
2248	0.00016793244652340422
2249	9.887548816769998e-05
2250	0.00010649677030259307
2251	0.00012141055265568992
2252	0.000213289925142212
2253	0.0002556127074694371
2254	9.887548816769998e-05
2255	0.0002821003226876535
2256	0.00021256666250931577
2257	0.00013867291760926803
2258	0.00027414043732045185
2259	0.0001129604346353476
2260	0.000448975068431727
2261	0.00011990821502315726
2262	0.00010779209858318217
2263	0.0015614507337427478
2264	0.00019365947357619448
2265	0.00017332047804777584
2266	0.0001437094549975674
2267	0.00015808962597367034
2268	0.0012390427662726713
2269	0.00010188780083827487
2270	0.00025595516705775195
2271	0.0001738993708734207
2272	0.00022476777462553216
2273	0.0001412090794762575
2274	0.00021365312209936971
2275	0.00013468096905208313
2276	0.0001693052649236271
2277	0.00022121680795755136
2278	0.0002419726460768371
2279	0.00018430502748165614
2280	9.887548816769998e-05
2281	0.00010588639711951907
2282	0.00014490599066084212
2283	0.00022812001999020259
2284	0.00019797229885442803
2285	0.0001252709506081197
2286	0.00010783784313859425
2287	0.0001426900135735319
2288	0.00016565205941293602
2289	0.00013736445329464152
2290	0.0001988932205777165
2291	0.0003650453756317443
2292	0.0005731093060660551
2293	0.00014597544179619794
2294	0.0004175524583104911
2295	0.00010996776308298771
2296	0.0002775070990212492
2297	0.00038239615951804934
2298	0.0005443688083120232
2299	0.0001831519947902771
2300	9.887548816769998e-05
2301	0.00023813769372401392
2302	0.00015003067324839442
2303	0.00043932799781391276
2304	0.00010814227850345994
2305	0.0001663222033992311
2306	0.00012768823900521312
2307	0.000135796104998118
2308	0.00014078649772133586
2309	0.0001801708655322327
2310	0.00017211755031343935
2311	0.0002236957242015798
2312	0.00010795749356056318
2313	0.00019741692821406142
2314	0.00022881662341937332
2315	0.00025175489107845893
2316	0.0003274964647167707
2317	0.0005777259288497031
2318	0.0001704705683505541
2319	9.887548816769998e-05
2320	0.00010074506388818506
2321	0.00041823860091085116
2322	0.00014094094187861453
2323	9.887548816769998e-05
2324	0.0001327482152346585
2325	0.00037424437490990946
2326	0.00029991659674715723
2327	0.00017630773577183216
2328	0.00011989093725258165
2329	0.00020439806160379287
2330	0.00016730480142576533
2331	0.00012549042510207577
2332	0.00025720282858868507
2333	9.887548816769998e-05
2334	0.00011704359450628288
2335	0.00010167985174842762
2336	0.00019315428438948664
2337	0.00020105677093142926
2338	0.0002642224160238378
2339	0.00015897528503950703
2340	0.00041651815687160295
2341	9.887548816769998e-05
2342	0.0002864449836102197
2343	0.00011412007303138085
2344	0.0001594585702525789
2345	0.00015724474041242008
2346	0.0004852673465990106
2347	0.00015115682274203536
2348	0.00033634799186502026
2349	0.0003217534952991385
2350	0.00011360808946737512
2351	0.00011653977334871767
2352	0.0007488912400014486
2353	0.00013020511331251464
2354	9.887548816769998e-05
2355	0.00010885493254640679
2356	0.0002695431542400063
2357	0.00020541036921000114
2358	0.00011443445051755671
2359	0.00011755382643309288
2360	0.0002040435799379375
2361	0.00019332023147487762
2362	0.00012026239884860986
2363	0.0002181675125663599
2364	0.00013284001979406136
2365	0.0001420679029995689
2366	0.00018100784073584039
2367	9.887548816769998e-05
2368	0.0002538757880479073
2369	0.00023186620272964495
2370	9.887548816769998e-05
2371	9.887548816769998e-05
2372	0.00017008861781136981
2373	0.00014079864760365075
2374	0.0003928269848546437
2375	9.887548816769998e-05
2376	0.00027256143556186234
2377	0.00011089418922796128
2378	0.00036093796300406183
2379	0.00029384249764734103
2380	0.00019162651598445086
2381	0.00012220546571913655
2382	0.00015867072904227647
2383	0.00017791190752347
2384	0.0002321461946627925
2385	0.00014290608047936134
2386	0.0001655346408910858
2387	0.00019622906200185986
2388	0.00015436634623799272
2389	0.00010508508813513363
2390	0.00021448164835001263
2391	0.0005600979314334514
2392	0.0001467587968845541
2393	0.00017636198478080314
2394	9.887548816769998e-05
2395	0.0011592054414783807
2396	0.00035688660045167167
2397	0.00010299145965907711
2398	0.00013829377680843805
2399	0.00010288172185445374
2400	0.00013091040723965766
2401	0.0016225630606391725
2402	0.0002574348466656975
2403	0.0002744740141948411
2404	0.00023055232895638497
2405	0.00016652368209999939
2406	9.887548816769998e-05
2407	9.887548816769998e-05
2408	0.00024125102190567443
2409	0.00019158163741960402
2410	0.00012957715054672173
2411	0.00018794884452597165
2412	0.0001010031921619746
2413	0.00012092549160367157
2414	0.00015993001094255092
2415	0.00012348789055749806
2416	0.00012026853724046482
2417	0.0001367343965075231
2418	0.00010652375247877536
2419	0.00019582251916584325
2420	0.00011915400376363443
2421	0.00014694225620488357
2422	0.00023097774685360969
2423	9.887548816769998e-05
2424	0.00022047713123822993
2425	0.0002503318703055178
2426	0.00012685748463934593
2427	0.00013775167308803743
2428	0.00011219831134176603
2429	0.00012921794690259208
2430	0.00016254329694862727
2431	0.00016536186613284724
2432	9.887548816769998e-05
2433	0.00016992904212944677
2434	0.00013539159156390429
2435	0.0001332136736292414
2436	0.0002931441494228176
2437	0.00015855653733790062
2438	0.0003794168828052664
2439	0.00018492414971210295
2440	9.887548816769998e-05
2441	0.00013226193112042442
2442	0.00017040110657326718
2443	0.00027975906282247474
2444	0.0001974103733375072
2445	9.887548816769998e-05
2446	0.00013706824931475255
2447	0.00027419274646132903
2448	0.0002843808110343989
2449	0.0004502382304042188
2450	0.0004440587757097835
2451	9.887548816769998e-05
2452	0.00019939244547829158
2453	0.0003485923341770543
2454	0.00011877395005907942
2455	0.0002547917989634096
2456	0.0006600503381404806
2457	0.0003073009978845632
2458	0.0001108020268059265
2459	9.887548816769998e-05
2460	9.887548816769998e-05
2461	0.00021048565506056032
2462	0.00010469334317363954
2463	0.0001405593927856462
2464	0.00016259080783810088
2465	0.0005396693569364158
2466	0.00017804222687421646
2467	9.887548816769998e-05
2468	0.00018026672150926404
2469	0.00011803333353928888
2470	9.887548816769998e-05
2471	0.00016789749544191159
2472	0.00011208683696574257
2473	0.00011278526643010187
2474	0.00016901167689148622
2475	0.00024002830456958937
2476	0.00010074506388818506
2477	0.00015689103365137754
2478	0.00012113403954409014
2479	0.0003822042113770922
2480	0.00036020891165728725
2481	9.887548816769998e-05
2482	0.0001645816277710514
2483	0.0003778049721455627
2484	0.00014754960633986443
2485	0.00012905881696676527
2486	0.00011328395267761118
2487	0.0003198218711444868
2488	0.0003236625426762925
2489	0.00012907783295542345
2490	0.0002064796374894372
2491	0.0002804727189835526
2492	0.0005218919857616372
2493	9.887548816769998e-05
2494	0.00022865095906133957
2495	0.00041016508371109127
2496	0.00029673071854766493
2497	0.0001712402972219023
2498	0.00012939623819783363
2499	0.00021378074253154176
2500	0.00013437910578877377
2501	0.00018773086807589664
2502	0.00011597813427960509
2503	0.00019765276122717435
2504	0.00020760176125135166
2505	0.00014184116082590674
2506	0.00019575146675789658
2507	0.00011043280680629266
2508	0.0002402717250367636
2509	0.00017232356954806956
2510	0.00041192259761797947
2511	0.0001762594251401797
2512	9.887548816769998e-05
2513	9.887548816769998e-05
2514	0.0002350396836923859
2515	0.0002447876159268705
2516	0.0004187634015169208
2517	0.00014219103933713713
2518	9.887548816769998e-05
2519	0.00013957907513896886
2520	0.00038725519848594104
2521	0.00019719355179285253
2522	0.00023692220210863924
2523	0.00023196226597526755
2524	9.887548816769998e-05
2525	9.887548816769998e-05
2526	0.0001332096940953537
2527	0.00016812542541310614
2528	9.887548816769998e-05
2529	0.00012972348755570397
2530	0.00011118696094634672
2531	0.0004050302765872547
2532	0.00014623846761569086
2533	0.0003112034753480836
2534	0.00017282370232668618
2535	0.00019947115957750114
2536	0.00010448421532915525
2537	0.00025333746203349335
2538	9.887548816769998e-05
2539	0.0006137661161640304
2540	0.00014941260162160087
2541	9.887548816769998e-05
2542	0.0003627965393341208
2543	0.00017569033383274372
2544	0.00014884076367861453
2545	0.00021264323261360415
2546	0.00010074506388818506
2547	0.00013231341752150872
2548	9.887548816769998e-05
2549	0.000127716907886064
2550	0.00013822816020368106
2551	0.00016828838024008955
2552	0.00016163619240984798
2553	9.887548816769998e-05
2554	0.00024220824200240078
2555	0.00012971719718802023
2556	0.00018148996021067175
2557	0.00011158233359489687
2558	0.0001807785745692892
2559	0.0001367343965075231
2560	0.00015499918008849594
2561	0.00023742596272243347
2562	9.887548816769998e-05
2563	0.00024925158057096075
2564	0.0001772773398891105
2565	9.887548816769998e-05
2566	0.00014361885710751173
2567	0.0002199555335575106
2568	0.0001157016696520658
2569	0.0008452121146272921
2570	0.00021530778262173026
2571	0.00034675307394919013
2572	9.887548816769998e-05
2573	9.887548816769998e-05
2574	0.00018336834908329295
2575	0.00011332217951371551
2576	0.00015557116120331455
2577	0.00011630745521411212
2578	0.00015358254679222156
2579	0.0002693443472756411
2580	0.00010448421532915525
2581	0.00011157603218688334
2582	0.0002430114052358278
2583	0.0001745646927463605
2584	0.00018724950356131584
2585	0.0001368849171553614
2586	0.00011915311294174587
2587	0.00010946479100813186
2588	0.00010770543743859602
2589	9.887548816769998e-05
2590	0.0003487016082371132
2591	0.00029570781960113987
2592	0.00010074506388818506
2593	0.00019749447501192594
2594	9.887548816769998e-05
2595	0.00016898345019358238
2596	9.887548816769998e-05
2597	9.887548816769998e-05
2598	0.00016260517039483465
2599	0.00011137774913423991
2600	9.887548816769998e-05
2601	0.0001222747332833008
2602	9.887548816769998e-05
2603	0.00027263027225311057
2604	0.0002725507868917664
2605	9.887548816769998e-05
2606	0.00015787328163576242
2607	0.0001754514598146988
2608	0.00013838516153941301
2609	0.0002129994658738684
2610	0.0004766449864359895
2611	0.0002495664526115123
2612	0.00010588639711951907
2613	9.887548816769998e-05
2614	0.0001397428584497453
2615	0.00014232607157854902
2616	0.0002199811679788902
2617	0.00014667919530602573
2618	0.00010074506388818506
2619	0.0003242895226574788
2620	9.887548816769998e-05
2621	0.00011422631911309931
2622	0.00038607502685676827
2623	0.00010173045566976043
2624	0.00012573758865085376
2625	9.887548816769998e-05
2626	0.0001335159228160468
2627	0.00021408129977496117
2628	0.00017731713464104774
2629	0.00013639592617591313
2630	0.00011089418922796128
2631	0.00011884580583549927
2632	0.00011727329373961758
2633	9.887548816769998e-05
2634	0.00014369080748465263
2635	0.00017311351760817788
2636	0.0003474379607131565
2637	0.000389132356855634
2638	0.00014236414752981374
2639	0.00012991802828752366
2640	0.00013503413787640498
2641	0.0001364247764465806
2642	0.00011856655563586894
2643	0.00022646180765871767
2644	0.0001326909750769221
2645	0.0002820370744798211
2646	0.00015197246309303492
2647	0.00010671464562853311
2648	0.0004615993350300218
2649	0.0007892873737050404
2650	0.0001633952262065548
2651	0.00011289730607133817
2652	9.887548816769998e-05
2653	0.00013655574768623433
2654	9.887548816769998e-05
2655	0.0001577115655913332
2656	9.887548816769998e-05
2657	0.0001308719261164908
2658	0.00010780913875617805
2659	0.00014773078050943364
2660	0.00013737549795891173
2661	0.0001454877188090396
2662	9.9940436362913e-05
2663	0.00015955696113015077
2664	9.887548816769998e-05
2665	0.00011240730110107534
2666	0.00019419744841091193
2667	9.887548816769998e-05
2668	0.00018151099244790884
2669	0.00012906531634320243
2670	9.887548816769998e-05
2671	0.00022597395706000476
2672	0.0002156956336609521
2673	0.0001594585702525789
2674	9.887548816769998e-05
2675	0.00035398863457186984
2676	9.887548816769998e-05
2677	0.00012457418677414472
2678	0.00012291310547596254
2679	0.00015501089478904022
2680	0.00040568944045028013
2681	9.887548816769998e-05
2682	0.0002654633499985419
2683	0.00024164404879404647
2684	0.0001063709670905273
2685	9.887548816769998e-05
2686	9.887548816769998e-05
2687	0.00011990821502315726
2688	0.0001951229353825317
2689	9.887548816769998e-05
2690	9.887548816769998e-05
2691	0.00017007221136589355
2692	0.00021984128406041703
2693	9.887548816769998e-05
2694	9.887548816769998e-05
2695	0.0001157016696520658
2696	0.0002829424179870187
2697	0.00024627192111371146
2698	0.00012572607002909683
2699	9.887548816769998e-05
2700	0.00011329504779737603
2701	0.00029976291309646543
2702	9.887548816769998e-05
2703	0.00017003069607279846
2704	9.887548816769998e-05
2705	0.00013777804192013148
2706	0.00036269585254634413
2707	9.887548816769998e-05
2708	0.00021752752189914835
2709	0.00020271812674596955
2710	0.00011990821502315726
2711	0.0001358697507574459
2712	0.0002606409866157782
2713	9.887548816769998e-05
2714	9.887548816769998e-05
2715	9.887548816769998e-05
2716	0.000234688515328474
2717	0.00016162742092304654
2718	9.887548816769998e-05
2719	0.00014698082204022908
2720	0.0001157016696520658
2721	0.0001081353198410617
2722	0.00032051780196144184
2723	0.00016175912931455714
2724	0.00011289730607133817
2725	0.0001157016696520658
2726	0.00020763574939226394
2727	0.00019487114123325678
2728	0.0002190483849557489
2729	0.000956347126855755
2730	0.0001622472372326161
2731	9.887548816769998e-05
2732	0.0001157016696520658
2733	0.0010937880870433166
2734	0.00014853624396306012
2735	0.00012427750263274912
2736	0.00015677241127436923
2737	0.0001389712670982451
2738	9.887548816769998e-05
2739	0.00012594613378819915
2740	0.00011381985515855609
2741	0.00010822336677012543
2742	9.887548816769998e-05
2743	9.887548816769998e-05
2744	0.00015348505069603908
2745	9.887548816769998e-05
2746	0.0001849264114772591
2747	0.00010302177660264467
2748	9.887548816769998e-05
2749	0.00011431901387253822
2750	0.00020176551777765706
2751	0.0001411996808421705
2752	9.887548816769998e-05
2753	0.00012653263795076407
2754	0.00013934794843398993
2755	0.00014782626085058304
2756	0.0001157016696520658
2757	0.00012098229609710131
2758	9.887548816769998e-05
2759	0.00014713379500272254
2760	0.00013667066097159747
2761	0.00016826707418376177
2762	0.00011252862363810386
2763	9.887548816769998e-05
2764	0.00026191662920557334
2765	9.887548816769998e-05
2766	9.887548816769998e-05
2767	0.0001157016696520658
2768	9.887548816769998e-05
2769	9.887548816769998e-05
2770	0.00021375664336759502
2771	0.000148897026655272
2772	0.00021867892346508393
2773	0.00022658387621690422
2774	0.00010374217221971152
2775	9.887548816769998e-05
2776	0.00012691912397497636
2777	9.887548816769998e-05
2778	9.887548816769998e-05
2779	0.0001910697009315623
2780	9.887548816769998e-05
2781	9.887548816769998e-05
2782	0.00010074506388818506
2783	0.0001237799698286766
2784	0.00012026853724046482
2785	0.00013802634196994788
2786	0.00024540378004248535
2787	0.0002849632333140379
2788	0.00015642803285558182
2789	9.887548816769998e-05
2790	0.00010258096247232564
2791	0.00011561845287597373
2792	9.887548816769998e-05
2793	0.000186970561053783
2794	0.0001141048257435056
2795	0.0004747206857802211
2796	0.00013015419665574274
2797	9.887548816769998e-05
2798	0.0001830063955895291
2799	9.887548816769998e-05
2800	0.00010167985174842762
2801	0.00011289730607133817
2802	9.887548816769998e-05
2803	0.0001500129618653103
2804	0.00013866884083193863
2805	9.887548816769998e-05
2806	0.00011103215970835859
2807	0.00028747980606028557
2808	9.887548816769998e-05
2809	0.00012889523810334815
2810	0.00020235082872284625
2811	0.0002960049061985214
2812	0.00010980185718195899
2813	9.887548816769998e-05
2814	0.0001410410977207834
2815	9.887548816769998e-05
2816	0.00035120934976473384
2817	9.887548816769998e-05
2818	9.887548816769998e-05
2819	0.00012213423811226003
2820	0.00011946289697246838
2821	0.00011517401878579778
2822	0.0001114966115810949
2823	0.00018135744819941068
2824	0.00011990821502315726
2825	9.887548816769998e-05
2826	9.887548816769998e-05
2827	9.887548816769998e-05
2828	0.0001295819858658727
2829	0.0001614006512968674
2830	0.00010747075895173295
2831	0.00010619568080617219
2832	0.00010939185159542861
2833	0.00011990821502315726
2834	0.0002449429470570542
2835	0.000155807890622931
2836	0.00011990821502315726
2837	9.887548816769998e-05
2838	0.00011045452040348916
2839	9.887548816769998e-05
2840	0.00017416421523029255
2841	9.887548816769998e-05
2842	9.887548816769998e-05
2843	0.000117035713872909
2844	9.887548816769998e-05
2845	0.0001698084189846299
2846	0.0001063709670905273
2847	9.887548816769998e-05
2848	0.00012759449649859568
2849	0.00010302177660264467
2850	0.00011289730607133817
2851	0.0001157016696520658
2852	9.887548816769998e-05
2853	9.887548816769998e-05
2854	0.00031201980370490853
2855	0.00019152512177519679
2856	0.0002050243079159729
2857	9.887548816769998e-05
2858	0.0001594585702525789
2859	0.0001157016696520658
2860	0.0001117718483011555
2861	0.00017213561960637848
2862	9.887548816769998e-05
2863	0.0006817874145236337
2864	0.0001377567595920957
2865	0.00013137974235574804
2866	9.887548816769998e-05
2867	0.00014015947194055301
2868	0.00012506650491227498
2869	9.887548816769998e-05
2870	0.0001830063955895291
2871	9.887548816769998e-05
2872	9.887548816769998e-05
2873	0.00011289730607133817
2874	0.00017472983167737293
2875	9.887548816769998e-05
2876	0.0001095089988116877
2877	9.887548816769998e-05
2878	9.887548816769998e-05
2879	0.0001157016696520658
2880	0.00010996776308298771
2881	0.00010728857890988287
2882	9.887548816769998e-05
2883	9.887548816769998e-05
2884	9.887548816769998e-05
2885	9.887548816769998e-05
2886	0.0001157016696520658
2887	0.00010158938840711381
2888	9.887548816769998e-05
2889	0.0001250162748273776
2890	0.00013833646165167216
2891	0.00017215322830031296
2892	0.00012179894181265553
2893	0.00010822336677012543
2894	9.887548816769998e-05
2895	0.00013077280578660446
2896	9.887548816769998e-05
2897	9.887548816769998e-05
2898	0.00011111499682716565
2899	0.000168518944258179
2900	0.00012184867379161077
2901	0.00011391989150098664
2902	0.00011327233597335588
2903	9.887548816769998e-05
2904	0.00011089418922796128
2905	9.887548816769998e-05
2906	0.00012095186043576566
2907	0.0001131848519239235
2908	0.00013933686110750664
