238	5.2490021153155407e-05
66	0.0001075525668358445
20	8.190705254043975e-05
226	2.9976801477006493e-05
18	0.00010415724018383568
110	0.00033896418232909445
126	1.9834035216556356e-05
30	3.4673157196735464e-06
74	2.1341385032408898e-05
166	2.731227614505152e-06
72	1.3848739545196751e-05
48	0.0001339913146145886
300	0.00013562040402780286
80	6.194444181920841e-06
6	5.7431412104493135e-05
396	0.0001293861270425965
90	0.00010529807949798355
168	0.0003027585764775799
296	7.269576242598085e-05
26	0.00012383127822280374
318	1.8497338436207155e-05
130	4.831819409725749e-05
154	9.29339776340083e-05
236	4.947822135442423e-05
178	5.3940831783512044e-05
104	0.00011037086263376053
182	2.2517785075495683e-05
28	6.669410948467573e-05
64	6.289063190770253e-05
338	0.0001351724307528217
140	0.00010952133489308029
184	1.970863042395128e-05
38	0.00010471999369936127
134	8.04610292087316e-06
374	4.338060394668342e-05
248	0.0002252593639442171
312	1.474219444514359e-05
40	0.0001678911944970449
224	0.00011086699426746977
12	1.3042745612430531e-05
232	6.386410549246812e-05
120	0.0009352175762225704
4	0.00019815873693548202
158	6.448232767855134e-06
436	1.4180358214445074e-05
118	5.1499095394176095e-05
194	1.3477311892841918e-05
0	3.4076727283957996e-05
406	1.838728292853654e-05
112	0.00013131249956243747
46	7.022208348589305e-07
22	5.822103156754821e-05
258	2.475348981302803e-05
24	0.00025705799817473865
192	0.0001383073050930857
100	0.0003062858091374793
14	9.186657171831168e-05
444	3.4198491326715425e-08
84	9.103820140346009e-05
190	0.00021316199824819725
32	0.00037772097976356445
244	7.753018984880342e-06
198	0.000356566858446991
306	1.67070544543131e-05
454	3.5174072746742246e-06
270	0.0009232658094881805
308	0.003508321613520521
156	4.293263204747168e-05
34	0.00021757773328917346
290	2.598687707571839e-06
390	6.78265407415199e-05
98	7.839096011789151e-05
350	3.806422135027489e-05
388	3.602749153516148e-05
438	2.6209723752794613e-05
430	5.6104667085736e-05
10	2.7048538707068137e-06
358	6.631756698366767e-05
122	3.0566538705172015e-05
352	0.00014636867971520382
336	2.3778211019465233e-05
314	1.136684221861559e-05
8	1.4863438636054514e-05
82	6.994457947009592e-05
470	2.276183254037016e-05
146	1.1595288973364665e-05
206	2.043491389430198e-06
216	0.00010789030008600068
276	8.262621642794977e-05
2	2.8379585856257818e-06
144	0.0004334545080947309
286	0.0
434	1.3363574151097673e-05
408	0.001078146147638558
50	0.000507819560202392
256	0.0001452105208021785
424	0.00013095742278710227
174	0.0001554909942104025
52	4.6618987064140465e-05
106	0.00019642776191164694
394	5.129773699007314e-08
294	8.831186389034885e-05
44	2.424765515635785e-06
382	8.747974081373807e-05
62	6.278233826065553e-05
54	0.00020795873939878073
210	0.005410147888702522
16	5.9956173203246186e-06
288	1.4389229732381545e-07
466	5.6044746718227735e-06
230	9.370386623520025e-08
400	0.00018552386730162713
78	0.00011725978224790279
398	1.3104861876397364e-05
220	2.1579512766074482e-05
138	3.374902544070717e-05
302	2.2798994217810283e-08
218	0.0001423800827884961
416	7.430493933718086e-05
124	1.7886970666550225e-06
426	3.3696890702680106e-06
202	4.533103826725305e-05
200	0.00013981353827692956
58	3.908399008767477e-08
392	6.557560711897683e-05
328	5.131787829777348e-05
472	0.00014803511976278855
368	2.1132175276742955e-07
342	0.00011028879480995804
370	3.742292050894849e-05
356	3.4198491326715425e-08
274	4.9147506847905926e-05
96	1.462935462309493e-05
332	0.00015608872060410452
164	7.003167053884786e-05
94	0.0
228	6.698512634662415e-05
128	3.8883684638475436e-05
458	3.419849132671543e-08
418	3.0034208232664024e-07
360	4.912185797941088e-05
172	0.00017713271697787948
114	0.00031334431200872047
354	0.0005554963419743456
376	0.00012824760554246798
222	9.52570477162886e-08
452	1.8418975517358128e-05
102	7.778401693499412e-05
36	9.844477005305422e-06
316	0.00037063589390575353
242	8.730874835710449e-05
42	0.0001482987378823996
442	3.49953161746279e-05
208	8.240583091191589e-05
234	0.0011215934635826709
60	5.841102318602994e-05
148	0.0008675041247906119
212	9.61357589517667e-08
372	3.6003204235564436e-06
108	2.6227962948168945e-05
468	3.237642031385553e-05
92	5.914629074955432e-05
422	6.552430938198675e-05
152	0.00011759426683425489
322	5.0420397852877665e-05
260	6.55072101363234e-05
186	4.85536553595908e-05
330	0.00010386641766456786
196	0.00014028512882468814
298	6.65788754522835e-05
70	0.00034587443192053046
68	0.00018483359395732513
280	5.8369984996437905e-05
176	0.00010386110519119422
364	4.3694272418433506e-05
214	5.141081667215999e-07
464	5.957377189113828e-05
246	7.523668091877394e-08
440	3.4198491326715425e-08
334	4.791605587067804e-05
132	0.0
402	0.00011661685542409958
366	1.708882676815065e-07
278	0.00019878125823314988
162	0.00011665105391542625
250	0.00011709563430267362
380	4.3728470909760126e-05
410	0.00014119194067387978
310	0.0002963982994963271
284	0.00025248178676297875
150	3.4198491326715425e-08
432	5.214641253641227e-05
462	2.3809319112037368e-05
446	0.00011682204637205988
456	0.0013578399487202998
86	0.00013098022178132008
320	0.00012672452889925882
188	0.00017435100623077913
170	0.00023330210783085263
378	0.00011671945089807974
136	0.000135420399642945
324	8.864663064722925e-05
412	0.0001166510539154263
404	0.00037923086582211944
