254	1.5989170854900366e-05
196	8.155555357058075e-05
262	6.958287337101333e-07
122	2.667278446172846e-05
60	4.412789611630827e-06
56	1.1745390116673843e-07
96	0.0001330875680512304
354	8.167764006409801e-06
220	0.0001600492516723942
134	0.00011902079498822616
420	8.35053489783302e-06
120	2.523902361871426e-06
34	8.031648307815653e-05
184	0.00017470126945696955
138	1.8598016178910077e-06
118	7.454384645611752e-06
266	5.6494318086781475e-05
312	3.221400164440739e-05
326	1.680377179557381e-05
18	0.00011679036523842354
24	2.9051221092254625e-07
36	9.141896353721378e-06
342	9.576260614967798e-06
158	3.1275878670960896e-05
58	8.58676871931139e-06
114	6.029976133735849e-05
186	8.543269435142879e-05
108	0.0001034667110875506
284	0.0003025213352713608
70	0.0004789176531606198
344	1.1879876979235687e-05
142	8.652369723972716e-05
402	4.933287437631041e-06
258	4.342366065347119e-05
62	9.907007023179324e-06
320	8.646684320184734e-05
82	8.792138784278531e-05
174	0.00013266971132243807
286	1.9990348145042098e-07
432	2.4487947707917715e-05
182	5.259656434307221e-05
66	1.9660815233312175e-06
188	0.0
136	0.00014161092930001421
100	1.2094805471587601e-05
226	1.0256053067366172e-05
168	9.269611870783597e-09
292	1.7041200019190885e-05
216	1.1397388985085168e-05
102	1.8226327640770314e-05
462	5.8932660993729545e-06
42	4.170425379534901e-07
212	3.7948802944585804e-06
172	1.0730150714661516e-05
426	0.00025267191964516817
54	0.00015898744186454105
308	2.9372367004707325e-05
472	2.642447930602286e-06
248	0.00041690201853142447
340	7.267375706694355e-06
112	8.59843191570582e-05
16	5.936151451456e-06
252	0.0
384	1.1193909047558487e-05
444	1.2172611006791186e-05
270	5.663761820585868e-06
154	0.00011689651433583965
12	5.70863950985566e-05
404	0.00015777607959239928
4	5.703918355228986e-05
288	0.00019110332444533632
148	5.7575201265112215e-06
246	3.094193681792097e-05
422	8.742568224416205e-06
206	5.366009672125752e-06
430	8.482832557731093e-05
334	0.0003357735041558054
14	8.428826878426869e-05
170	2.6083646112836618e-05
64	3.013104844369752e-06
152	1.942020471103258e-06
392	9.48185745915304e-05
180	7.961770027747848e-05
358	0.00013810227676319052
238	6.152012625544428e-05
332	0.0002446017204817307
72	1.2340122448684656e-05
394	2.087997988109599e-05
222	1.6512147421817822e-06
366	1.6110631427347278e-05
364	1.6565232423467914e-05
44	8.135873164913094e-06
390	6.112794050344528e-06
6	1.1647448831075093e-05
310	0.0
336	0.00013971816838994274
86	0.00016442901258781513
0	8.632448586796146e-05
264	1.6462168567378073e-05
356	0.001033505321284225
208	0.00020876961097998165
30	0.0002888443802089004
450	5.781112139230797e-05
306	6.201405362208298e-05
376	1.322732057489981e-05
10	6.830896739002713e-05
162	0.00012435471356410645
198	8.677641760635587e-05
146	0.00010612094853596984
150	4.54376339292143e-05
38	0.0003182168906507325
282	1.5337947461982923e-05
28	0.00015578034805807347
164	2.303762391663742e-05
304	0.00027720286318145876
26	1.6697218646485642e-06
32	3.5653062185326858e-06
84	9.704686019479813e-05
52	2.173100578566736e-07
408	7.495512764462256e-05
374	4.3789880037852884e-05
126	0.00013174099453978317
166	0.0005638938811878131
110	4.797482051719885e-05
116	7.800150693901977e-07
296	1.5039361586382143e-05
50	8.302635190413559e-05
94	8.745166459331471e-05
260	2.2152703941344215e-05
454	0.0001162033019858485
130	8.544020393756488e-05
98	8.728721160769563e-05
302	2.318011994737411e-05
460	6.862042615952944e-06
156	8.502262225799546e-05
88	0.00011950446051651725
386	1.4790028268593822e-07
316	7.975354462318972e-08
92	0.0002727239588777677
360	0.0007965652101246337
456	1.8010706692748308e-05
380	5.986562708381377e-06
352	2.46045673001322e-06
40	0.00016214316653128657
438	0.0003320045092732808
124	0.0006206608800956501
322	6.679335332899824e-05
2	5.5782917530033595e-05
298	3.886635301937002e-05
278	1.978766295735576e-06
20	9.55188012806641e-07
232	0.00011621379807035746
78	0.00015788322938735893
194	3.0464218376646662e-05
144	7.352404455207784e-05
440	4.1863069850365805e-07
330	1.3692590008980005e-05
338	5.269145188862891e-05
106	0.00028513039786099873
436	5.237457088001953e-06
214	1.511709070225674e-06
234	8.967599044964421e-05
396	8.2722016334873e-06
230	0.0001188679546277142
178	0.00039786109645215296
290	3.1318739595558693e-07
8	2.3319441716864462e-05
382	2.027727596733915e-08
466	2.4409977926396845e-08
318	7.762360688698713e-05
228	0.00010551429074112535
346	4.41597279351099e-05
236	0.00010902544016860624
378	9.856495680721396e-05
132	0.00012451065007122925
68	0.0002922689204064511
200	0.00010841804090505787
350	3.745974830429848e-05
104	5.1563141570149965e-05
300	2.4806517247384646e-05
276	1.1748329780239366e-05
74	4.4528156955738314e-05
218	5.217711106008524e-05
446	1.3741684619999439e-05
48	1.0392686885908415e-05
192	5.0632578158617335e-06
256	5.5768881784897865e-05
464	1.529485958679296e-07
46	1.640373886674512e-05
406	1.5449353117972692e-08
434	0.0006715534982079499
368	1.1391074422038466e-05
452	4.462406228389648e-06
160	0.00030334150131952983
370	7.644648909835244e-06
294	0.0005138444249898328
468	6.121651679465498e-06
442	1.397806375567636e-07
176	7.920152048764055e-05
268	1.0456498130685337e-05
388	5.884217192546609e-06
280	4.4362853728544286e-05
274	1.2629849732447327e-07
416	2.8055914210245004e-05
314	1.5408154842991432e-06
128	5.9240114172976536e-05
242	2.300225538982278e-06
90	7.705650973138933e-05
190	0.00023173870809708622
414	0.0004213954379786586
412	3.686721655894932e-05
80	3.7499826090463126e-05
76	0.0007225627738226047
202	8.428460212846248e-05
410	1.781530147108959e-05
22	2.9707198057103302e-05
324	5.8694299545623605e-06
250	1.0647146109441692e-05
348	4.278833189372144e-05
224	0.00011602919270534118
424	2.4074782129533224e-05
398	4.565798824798193e-06
204	7.944464015662519e-08
362	0.00013305384804509964
372	8.580748673620622e-06
458	4.111072864692533e-06
140	1.287286123443816e-05
210	0.00025216835074347847
400	7.792815728483426e-07
428	4.5361607147898135e-05
272	8.729325921743655e-06
470	4.329183120154504e-06
418	1.5282500104298584e-05
244	8.394714756658817e-07
240	7.140773906327553e-07
328	4.1064380587571405e-05
