100	6.858451043596069e-05
12	6.798830019578917e-05
162	0.0002745018635465178
402	7.021801172553753e-05
28	8.045727757017421e-05
460	2.930972348178347e-05
6	6.387503746021549e-05
250	2.4677366210973544e-05
34	2.59759611986897e-07
60	0.00022750842906209108
70	3.5788028071622776e-06
212	3.9338198458992826e-05
144	5.633313382111722e-05
136	7.446331005575009e-05
142	9.711446052801678e-06
138	8.094438290566169e-05
258	2.138699813503084e-06
154	4.7967519664096426e-05
78	9.731475578946882e-05
0	1.1826932941171296e-05
24	5.058575941891985e-05
306	3.2956756626533685e-05
88	7.68963035034134e-05
166	0.0002587352459126291
74	4.106142333738762e-05
10	3.9376351721089635e-06
126	0.00010679378320230393
324	2.9498451921575087e-05
174	0.0001446551852217132
446	5.254078099359654e-05
18	4.6949364278867197e-05
46	2.4370539179454375e-05
214	3.670899738224313e-05
20	0.0001310311536033791
14	6.38908525189571e-05
298	3.4165235743468415e-07
204	9.020420435904075e-06
208	4.323437418505352e-05
54	0.00016043838173690803
408	9.325339477557797e-08
266	8.996153764198099e-06
194	7.00838844375263e-05
242	0.00011772233288308478
62	0.0001782915333001487
94	4.257477042201451e-05
464	1.962857182648013e-05
400	2.8063363094036354e-06
202	2.480066603813765e-05
290	6.185124963935585e-05
462	4.9846350184054114e-05
26	6.421744055220962e-05
80	8.867887566037866e-05
2	9.839039553230344e-05
16	6.983240944009516e-05
328	4.830124931302667e-05
40	3.4088754001497146e-06
330	3.953628053866001e-05
48	9.826098246861282e-05
348	0.00010898962549880094
410	1.0851680662211681e-06
112	6.291303552453341e-05
140	1.276205062102061e-05
278	7.197663780761471e-05
228	2.057697273416806e-05
378	9.129945276471752e-05
302	6.590754389115044e-05
52	1.3523122965073529e-05
198	3.005509479063965e-05
260	8.1021299548222e-05
322	9.289909883277786e-05
434	2.6805934941509173e-05
244	7.947235757259984e-05
42	0.00013838855532380615
152	3.922328340044851e-05
316	0.0002325121857211588
68	1.3254439278851555e-05
320	5.838042142299506e-07
38	0.0002768851012214649
90	4.720103200882478e-05
368	5.254876117765894e-05
50	1.5286347645225941e-07
326	0.00022483056480139836
30	0.0003063821236347756
430	5.9285016890121435e-05
44	7.420511033230843e-05
196	0.00019033345817873578
150	1.6486400632929488e-06
170	3.296417783436562e-06
148	1.552777706164664e-05
304	8.385030248902767e-05
468	9.625328512493304e-06
164	2.142635838060421e-05
356	0.0001947449165789591
160	0.00015946122180342663
4	6.947593485436235e-05
454	3.143446499800552e-05
92	3.9954805661258015e-05
96	8.29917790469433e-06
118	2.2006625769150315e-07
132	0.00011586215151293077
376	8.0087475319847e-05
226	7.154823357524408e-05
220	1.143689190829823e-06
114	0.0
380	3.47570174808296e-05
424	0.0005764155892938981
416	8.647581710667685e-05
344	0.00010445965369830786
442	0.0003840463449045532
218	0.0
76	0.0001859853607083806
274	1.9962205159122258e-05
286	7.791039709965563e-06
216	0.0001205495841807398
72	0.00013264088269056976
98	2.496988524089052e-05
382	8.730612030545191e-08
180	5.0239220807321745e-05
452	2.439360528230964e-05
300	0.0
456	4.720474446699143e-05
282	1.714145413940683e-05
420	6.857554205625955e-06
336	1.4832070821399707e-05
182	1.8517849681012557e-05
340	4.719834875842669e-06
178	1.810407967001695e-05
168	6.697580089393342e-05
354	1.123277979716813e-06
32	0.00011793072458430024
312	6.547682061725769e-08
338	0.00023082410597299356
342	5.9627767636570164e-05
268	5.1139205815448004e-05
22	0.00013535651259478215
418	1.6191472526845459e-07
232	9.371044099725851e-05
236	2.3699001491754834e-05
116	2.3780655463931896e-06
272	0.00011262035858939886
224	7.104383639545525e-05
234	9.880814704633997e-06
128	0.0003515400877489098
284	0.00012599481776752914
256	5.870200599705211e-05
404	1.20523135269693e-05
106	2.8020528754834694e-07
240	6.57089975556074e-05
130	6.184158422197744e-06
346	5.58201369030118e-07
110	8.440753885114497e-05
184	0.0007978494089396517
332	3.293868200361625e-06
386	0.00019784785645347302
134	3.493235069573225e-05
318	0.00015322341910607333
264	7.139986160453377e-05
102	2.9351827082839607e-07
222	1.1684503965601371e-05
86	9.799871759572823e-05
246	0.0002702151551470762
358	4.3879720561279024e-05
370	4.878416891770992e-05
122	1.012049114489265e-05
310	1.3533861224182798e-05
146	0.0010508691499906493
388	4.1774498961675014e-05
440	8.093883446843397e-05
186	0.00010035452773274582
470	1.0821412114161687e-05
444	1.6869214345053843e-05
276	3.185244988800037e-05
192	0.00013998843100338979
280	0.0001564936967792504
362	0.00016591758595283738
448	0.0001097303178855075
58	9.979905102711894e-05
292	5.066003324545487e-05
288	0.0002630173151994942
426	2.0699026215600802e-05
450	7.592907095914984e-06
8	3.282904546374241e-06
458	1.5666016136468384e-05
308	6.661204348135791e-05
406	1.2624476143789462e-05
262	1.288228248277408e-05
296	7.68511836308475e-05
436	2.3302704576179425e-05
84	1.2343801596768716e-05
466	3.582307733107277e-05
422	9.395853885921429e-05
210	1.3685598174024736e-06
252	1.7754018762568518e-05
66	0.0004242856668203228
190	0.0003826478226860061
294	7.779586558694009e-06
360	9.535243079840425e-06
230	0.00024203005855928328
414	3.8928967091017975e-05
254	0.0001062670281417287
364	9.470375732105454e-06
334	3.3470417476483358e-06
172	1.851225735480407e-05
156	9.094863685912504e-07
64	1.8707795546840212e-05
238	8.143297174347735e-05
36	3.572982932658035e-05
158	8.842607608123538e-05
120	7.691294706755033e-05
176	0.00042526043179427373
394	6.435197817357559e-06
398	0.00014750442993755256
396	7.336501699120005e-05
108	5.366700322071606e-05
270	3.4926662979937954e-05
82	2.994123989183801e-05
314	3.8979462169212706e-07
390	0.0008174428401573255
104	6.714787028815286e-06
374	3.2473320151670744e-05
428	9.270531930021275e-06
384	1.732605236149592e-05
392	7.215021790119655e-05
412	1.1653362594267173e-05
200	2.6413305241656755e-05
352	0.00020525572189022202
432	0.00011176603969705441
248	1.928630875754142e-05
56	4.8018923560154236e-05
366	4.252406081871426e-05
124	2.284140890680503e-05
438	3.2383022762741966e-05
188	1.5139681976082645e-08
350	0.00021606263641651188
472	1.4534094697039339e-08
206	7.403910073583456e-05
