184	0.0001080009105651952
50	0.0002204398680209332
130	7.922331686958807e-05
226	9.825258477993996e-05
278	0.00021913357700783332
30	2.205787011212114e-06
20	0.0001068125937929786
432	0.00018417390549732628
34	0.00023070124633027238
258	6.272375380085841e-06
18	0.00011336769085368032
6	0.00012249594836255572
172	0.000167178613250564
296	4.771820225044452e-05
232	9.625832634826562e-06
168	0.0001485989709163688
330	2.9131301261500297e-05
40	0.00011173440044559422
180	2.752396830975603e-05
198	0.00015460480318448601
66	0.00013806479067358243
134	1.1557635398234119e-05
352	0.0001905335872228701
234	0.0012696911811629344
396	0.00021169253326604678
224	0.00015849645219053322
276	8.678856181801584e-05
178	0.0004762138152130113
14	9.654883231409503e-05
166	2.372510397836923e-06
390	0.00024343507437009566
140	3.912103039149128e-05
158	2.136785046531619e-06
28	6.156057398051504e-05
72	6.211090942533143e-05
300	0.00010738038243686282
90	0.00012244279041433688
46	1.2091320456902e-07
100	0.0001384274819423785
64	0.00011026055079939903
110	0.00017237127922268942
294	6.420155426531326e-05
26	0.0001392566936665098
38	0.00014249249418798963
42	8.346173856211506e-05
4	0.00022594894525895692
334	0.00018222307633181055
156	4.075662727578737e-05
48	9.437307753814894e-05
44	4.5496246916572073e-07
144	0.0004108250842507646
32	0.0002433927232155984
82	0.00011293613562062257
244	7.330427427578172e-06
106	0.00018289152110894156
152	7.988830236081368e-05
154	7.920141300693588e-05
212	1.2384850205108245e-07
290	8.923096250495841e-08
210	0.0006569117985240194
112	0.00017697023759694037
118	3.679516867282295e-05
444	1.1552486809208502e-08
206	1.8283965690275636e-06
8	2.8160438732654098e-06
464	1.0932926575880256e-05
466	1.7524275903455196e-06
392	2.4782912710139042e-05
246	6.543638585013003e-08
108	4.6689819765831936e-06
160	2.374122322134875e-05
10	2.3052385894592547e-07
98	6.844826603491504e-05
256	0.00019681290299510115
54	6.855555346677528e-05
332	0.00016491268592013696
84	0.00012159438050978252
222	1.2186683254681375e-07
192	8.2004893097972e-05
204	2.2052692838255587e-05
70	9.99955396761645e-05
94	0.0
200	9.078425670540376e-05
52	5.7970285527259506e-05
448	0.0007293421441812709
238	5.694501014243138e-05
122	3.301354978963773e-05
60	3.0991638740754924e-05
190	0.00010189413343045635
452	4.398768960922245e-05
196	8.102034211306344e-05
262	1.4974293169554909e-05
24	0.00015199979896820084
218	9.23648041840486e-05
102	0.00013080544332220122
120	0.00015647220740922164
400	7.481834355349768e-05
138	7.161487048632568e-05
174	0.000303429940918573
284	9.976678939762315e-05
406	4.146326292944097e-05
0	0.00020337519791939346
340	1.7325763514454298e-05
78	0.00012899600629926673
416	0.00012577823083299513
306	1.1747836565667048e-06
12	1.7990455761856283e-05
354	0.0007058610410761279
318	0.0001222375687955822
408	4.649934672408833e-05
374	0.0002736431636387822
358	0.000293814577711754
366	2.920599777030258e-07
214	2.2015824804850413e-06
104	0.0005314034901577741
462	3.147089529181887e-05
22	7.3520799354593265e-06
146	3.638705914103994e-05
328	8.713883798353847e-05
228	1.9088224913625404e-05
236	0.00011847625093727454
344	3.0434574184772476e-05
162	0.00010458949200364476
376	7.440311200277618e-05
402	3.671589589043801e-05
274	9.113705116231719e-06
220	5.1677105736635905e-05
286	0.0
442	1.4995290367680437e-05
370	3.674106715753455e-06
126	0.00012644101605988734
260	3.7460838348856094e-06
16	4.288024929898012e-07
170	0.00010210541043514979
96	6.473255433662036e-06
458	1.6034999484189585e-05
208	0.00013908640936670957
292	0.00020558389605403424
350	0.00011998901327791011
188	5.264174939305416e-05
280	0.00011577197139393691
310	8.702733804851712e-05
316	0.00022879846031695515
362	6.644780626135951e-05
282	4.9971949005343e-05
436	9.646862919570772e-06
420	8.126118359849412e-05
308	0.0010040928657189185
426	7.994945260720634e-05
2	1.1864860528599973e-05
266	6.69866480397368e-05
128	5.444424215411301e-06
58	1.0036674502696748e-05
80	1.5612463325510657e-07
252	2.69377783763951e-05
324	3.391346668607835e-05
202	3.427771836676116e-05
372	5.195782317751163e-07
230	1.8953364367646833e-06
86	3.7759444041261736e-05
414	3.141108667878937e-05
412	1.1515906144891839e-05
164	1.1159609846816617e-05
446	0.0001392487021572517
398	2.69820111816109e-06
298	6.411340438669072e-06
216	6.38493467031712e-05
194	6.014793077186278e-05
74	3.987933591161394e-06
124	2.858612527545664e-07
348	5.603605539520798e-06
460	0.00019681401435279065
132	0.0
338	0.0004740889374152301
418	6.796752753734572e-06
114	0.00015142820129239231
428	2.3037046941288496e-05
92	3.257147704257254e-05
304	3.623922339148759e-05
186	0.0001011303138125588
346	1.0409667723245729e-05
388	0.00012390891243238086
242	7.172660652980907e-05
404	2.3198038272130274e-05
410	4.779946878413112e-05
314	3.982589182910318e-05
148	0.0005263279441617044
422	5.186885309841632e-06
440	1.930760783093022e-06
430	7.060756580016385e-05
254	0.0002038848058423907
312	4.795107424470666e-05
322	6.94630772688751e-05
264	1.983198646395346e-05
136	0.0001968652689535215
68	0.000338480456791631
270	0.00048206799932631845
342	6.679377229295937e-05
62	7.055406139975856e-05
36	1.434629517770232e-06
468	3.7889099400559528e-06
394	3.472056305564625e-05
368	5.974313549539039e-08
456	0.00022209843463342672
336	9.175053844472721e-05
302	5.661002273822077e-06
434	2.91187661408831e-07
250	0.0012843898569676886
378	0.0001157237791300793
380	8.167133781479216e-06
438	6.734444594098776e-06
360	1.1236479357011998e-05
248	0.0002838941268250168
320	0.00012422204364749995
386	2.17722837561118e-05
182	7.830108741701373e-05
176	0.00017017823820977674
288	7.220211275610785e-08
454	2.539970844994666e-07
364	6.874139014652658e-06
116	2.021675988328471e-05
56	0.00013850401580110791
382	7.796478305516201e-05
326	8.50630869533759e-09
472	0.0002508394084638083
150	5.3105091988289355e-05
384	2.4243457157860034e-05
268	1.9981319125348e-05
76	2.2176906801058585e-05
240	2.55440930828624e-05
356	8.50630869533759e-09
450	2.2450984083227714e-05
470	7.27192517475748e-05
88	1.6605977369686155e-05
424	1.3559324334221857e-05
142	8.50630869533759e-09
272	5.992694475865332e-05
