434	3.0990029258217105e-05
144	6.590576080395739e-05
98	3.031209140061253e-05
78	0.00015398195787495072
290	4.661569044319112e-05
14	0.00011497550742993621
158	2.6339711415572475e-05
60	0.0001675543643024866
194	1.5850789795676205e-05
208	2.9820052606552526e-05
46	3.75049353827329e-05
342	3.895129321329863e-05
48	0.00016556885373335796
12	7.808021442346992e-05
326	0.00014967906386519297
278	7.821359447143962e-05
292	6.3478274893968e-05
140	1.6297860163378672e-05
182	3.502733598428881e-05
134	3.7726468272963704e-05
114	0.0
28	9.154491814483898e-05
330	1.527829058703046e-05
214	5.598945729168211e-05
356	0.0001499324578918279
456	4.357568079283798e-05
94	6.562893426437581e-05
16	0.00010175013814094181
154	6.408127491900322e-05
18	7.409245265734464e-05
244	8.27824243237103e-05
284	8.338212931625656e-05
454	2.6712739105289908e-05
472	1.8800782346617662e-08
70	3.4532966553577874e-06
24	0.00010456969623038462
76	0.0003504583731295735
80	7.570419439591959e-05
202	2.174736763317186e-05
66	0.0003626881772131114
20	0.00014126068013350929
344	0.00012944078266157076
152	4.767345012487453e-05
68	1.0129579207512043e-05
26	7.708700860732104e-05
228	1.9795510547145423e-05
40	4.295939047044437e-06
0	2.3359554582449213e-05
358	8.451568211067881e-05
362	0.00012790090590990728
428	5.470995606970888e-06
236	5.743367927505842e-06
96	8.950326731414033e-06
452	8.861312813951063e-06
4	6.189430251083032e-05
274	1.2460811729172229e-06
260	0.00011253699099571597
346	1.5684029007856707e-06
170	6.144174144957967e-06
50	1.5776357038857434e-07
300	0.0
180	5.169700675322167e-05
138	0.00018459888053103978
74	3.351826944080647e-05
338	0.00020230444584873572
52	4.232288039343554e-05
316	0.00021961097668756033
166	0.00023284841815229582
30	0.0006144134981827001
442	0.0007155375251444944
100	9.879157928144712e-05
88	6.293164193772448e-05
174	0.00013517060104671172
416	2.1182014427846364e-05
392	7.765483840837412e-05
160	0.0004316168490660668
130	5.664038129286781e-06
34	3.846994588987852e-07
164	1.3558235802664366e-05
6	0.00012523205180746966
136	6.677095379152345e-05
354	1.8051831727456796e-06
190	0.0004603382006727665
92	5.400867645172837e-05
470	5.3185578395321336e-08
10	3.620983035461036e-06
272	9.05942209655755e-05
54	0.00028745625977162365
400	3.220439381217302e-06
460	1.7655525370095463e-05
404	1.4820255969884014e-05
168	7.425806456220811e-05
302	1.2373276902828398e-05
156	2.0064127781967585e-07
128	0.0003088515211384901
450	1.6396590230681988e-08
422	0.00018651939363409524
282	3.3601503399106964e-05
216	0.00014511613155052618
238	0.00010295041781260866
464	6.766962581211532e-05
436	6.20386358944991e-05
368	3.2424476454056886e-05
386	0.00017672973942507023
118	2.6307761550473966e-07
56	1.146829598549362e-05
348	0.00014054493764644187
372	2.4863713162595815e-06
410	8.148667252825636e-07
246	0.000549180032375014
44	7.819524908395834e-05
204	7.88129437088106e-06
266	7.96429851862843e-06
222	1.3636009655569941e-05
2	7.941257498416684e-05
298	8.976961226236801e-07
72	9.183760371192784e-05
32	0.0002619523388954245
162	0.0002644234897098791
112	9.894290221987084e-05
296	5.076505856979958e-05
142	1.5181485776086815e-05
268	5.8791061856779024e-05
218	0.0
320	4.85867993093694e-07
308	0.0004073298868425144
226	6.346478678897313e-05
148	3.291419813108391e-05
212	2.614637361405568e-05
388	3.2821566207050595e-05
466	0.00010413438302520372
254	7.042060736386427e-05
444	4.698097165111927e-05
126	0.0002473474780576153
230	0.0011633178104209334
240	0.00011541189859072041
58	0.00011218623207303357
304	4.892277839767061e-05
380	6.294749925670708e-05
178	1.7859985908770344e-05
210	2.4217918011966646e-06
250	1.8982901371354247e-05
418	2.3021627707863692e-07
398	7.398052286559099e-05
38	0.0008653274782006445
402	9.957207342983748e-05
116	9.079611840240153e-07
90	4.4010273970450066e-05
150	1.2943069424556548e-06
378	0.00022865157626617924
86	0.0013646550697293987
366	1.4301105999200834e-05
270	4.44633503084035e-05
432	3.8806571063412216e-05
448	5.2037050739010185e-05
132	0.00019474508503647417
376	0.00012095559875049569
122	8.057884602369257e-06
124	1.1801445818533362e-05
364	1.180554496609087e-05
184	0.0016852821337769767
384	6.436406965098618e-06
36	4.2611458691496355e-05
306	0.00012575790567008658
62	0.00032450244708389216
172	2.3796917954796472e-05
340	3.222526219973763e-05
102	5.405256714676826e-07
374	3.545216084377285e-05
420	7.794023303214048e-06
42	0.00014750553376628557
276	3.392540251186788e-05
280	5.6942079726031534e-05
248	1.4310943953339248e-05
108	9.073663303328654e-05
332	5.90003971800709e-06
200	3.867869292434974e-05
186	8.134292355611407e-05
408	1.4386084455651797e-07
258	1.004984436026377e-05
252	6.718521243841374e-05
82	1.9310711494407746e-05
224	9.643827458827376e-05
192	0.00016500598104228855
8	1.4252657451156982e-05
324	2.9003562478769592e-05
176	0.00023662687963480362
310	3.088024493445108e-08
104	1.7891226227290114e-05
232	0.00013267647558374657
312	9.448493208593311e-08
256	5.994516799782285e-05
334	4.681538193641722e-06
196	8.763400689416191e-05
322	0.00010088959718541283
318	0.00012786086342373194
146	0.003289419150524163
294	1.6396590230681988e-08
446	7.058175742400777e-05
382	1.4889173806242478e-07
424	0.0008461865765621062
198	1.7781361557604153e-05
84	1.548156940808842e-05
264	3.9075647239017754e-05
106	1.6906328220759158e-06
120	0.00013366704698028795
110	6.012083084583395e-08
370	4.978024858595252e-05
286	7.932305984932153e-06
430	6.509711706790049e-05
350	4.308392394758975e-05
234	8.898224560813235e-06
438	7.14317453399661e-05
328	5.7448754934271404e-05
336	2.0420781947297942e-05
22	0.0001650345000657124
262	3.060774922061736e-05
242	9.124522743545663e-05
412	1.770421830157888e-05
64	1.807314158176923e-05
220	2.7306603735929145e-05
396	5.0660779072741425e-05
352	0.0003056487788426364
314	1.7510861739608428e-06
394	1.8447955703099878e-05
462	5.3543065398292046e-05
414	0.00012693240958706686
390	0.00010195510471344756
426	3.542483319338844e-05
458	2.459488534602298e-08
360	2.0293217046629676e-05
188	1.6396590230681988e-08
440	7.080047661608483e-05
