304	3.816143142299618e-05
14	8.246041355050258e-05
60	3.898094356791657e-06
96	0.00024765176195813953
98	0.0002493555038937584
270	5.69346857531071e-06
182	8.690109359735617e-05
126	0.00022393015219429615
436	1.2921698543818108e-05
174	0.00010282235827356559
0	8.186265767548564e-05
158	3.9891201099611316e-05
34	4.1285276911558084e-05
264	3.7388040119675514e-05
82	0.000157132560604398
148	4.435340489081835e-06
308	4.9688657309533635e-05
58	1.6594468898861573e-05
248	0.0004529112034595823
28	0.00019017672214373575
36	1.0586999706260035e-05
332	4.080934648283476e-05
320	0.00010879268231078018
106	0.00012797846951709602
216	1.6023697510881585e-05
322	0.00013846729085672385
12	4.65346606619323e-05
192	6.951627233296194e-06
326	2.030921572031408e-05
24	3.3842514067124073e-07
56	1.590210790183701e-07
204	8.804172095313361e-08
422	9.49301927749e-06
4	5.423022484568786e-05
336	0.00012350770093332708
70	0.00048372107861855573
100	3.774566038505838e-05
254	2.3416848450828882e-05
114	4.300830393835726e-05
66	6.759482565427739e-06
262	1.5782323527320292e-06
366	4.5077908167135876e-05
312	5.5562546654263205e-05
292	1.8179009206300097e-05
196	0.00011799266328028922
142	4.038943967913229e-05
108	9.359939512660858e-05
296	2.8871728228050028e-05
258	7.405310309196443e-05
120	3.2938179147903593e-06
360	0.0013918631280523848
136	0.000180851037715678
384	7.377922397067671e-06
138	2.395855878324927e-06
62	3.6106397941536026e-06
84	0.00010141922861913935
88	0.00019850658652024937
32	4.346827043215849e-06
180	8.003942463944421e-05
286	2.8009923160091857e-07
434	0.0007720256775303605
2	0.00010234239847332477
102	1.7178191665632347e-05
90	0.00011283886323571503
342	5.1124465983545005e-06
288	0.0003571924531641047
382	2.5102807537398014e-06
112	5.7015698759110146e-05
402	4.6840797074588344e-07
170	1.2631988220535854e-05
72	3.089614498272255e-05
68	0.0002620970475681572
164	3.3164675810018674e-05
354	1.0526799054013043e-05
246	4.773878369379981e-05
18	0.00018423477955855172
460	9.513028901596074e-06
426	0.00014321492640980202
80	0.00013470520096485993
212	7.959958442719278e-06
104	9.937266324481365e-05
92	0.00013325432320322001
222	8.597148866798153e-07
350	0.0001230906337936851
94	0.00010981339178817473
392	3.8995626691010564e-05
430	1.5134517972906072e-05
16	8.030556331665622e-06
110	0.00010138237168508149
6	8.49455792361825e-06
86	0.0001331527312856147
432	1.0417024128089236e-05
184	0.0003250538063470469
194	2.6586224839909812e-05
298	0.00011770485778257041
294	0.00033682651936182913
38	0.0002252594357161762
406	8.923887844058678e-06
272	1.0040976434737116e-05
250	1.6246228360309923e-05
274	1.180905573660097e-07
376	0.00013232945012964318
42	4.837457228605294e-07
202	0.0007120833446005478
132	9.831586797402465e-05
370	7.939963232796559e-06
440	4.06998131905681e-06
198	6.766592323038762e-05
74	5.998405508258073e-05
446	1.8812787373595935e-05
168	1.2244597601380959e-08
10	8.252838928244518e-05
282	6.28401715001413e-05
20	1.646667645662685e-07
220	0.000247640174832653
280	4.637247055128131e-05
330	1.9854680841809144e-07
400	1.2531100644237066e-06
344	0.00011727578542424514
464	7.780272145723824e-05
234	0.0001331583250426624
172	1.451311391592568e-05
206	7.354923627151392e-06
338	5.541176830659543e-05
118	2.5695114011794462e-05
364	6.312755257818245e-05
188	0.0
48	1.1372788576316661e-05
26	3.3056041380001712e-06
316	1.4742547634728723e-07
256	7.988558881297047e-05
200	5.08257944934708e-05
302	0.0001536721842121859
134	0.00010433399451422262
50	6.829186634147772e-05
122	0.00016554254239733627
252	0.0
44	1.8551716237780184e-05
156	4.088801103924713e-05
420	1.679187080546984e-05
40	0.00080288887402482
218	0.00011486092041315647
404	0.00012761495116346864
64	6.250371192065656e-05
154	2.5861262882843005e-05
462	2.0663861305079906e-05
346	7.873614435278834e-05
310	0.0
284	0.0004250008537991611
386	1.6313415490153027e-07
450	0.00020811365210682213
410	3.826936924532405e-05
186	0.0001447398601302967
226	6.955039161316955e-06
236	0.00015781865647122463
444	0.00013593287222218381
442	7.569359070452023e-08
30	0.00025784642934124425
8	7.720416281180402e-06
278	1.1960448297684152e-05
152	6.294315647638918e-06
166	0.0005364088920588212
352	6.934434713809738e-06
116	2.451606023871204e-06
374	5.111127702788033e-05
348	1.9645542675181667e-05
46	1.3312499099385809e-05
208	0.00026254877725653803
230	0.0006954383345898914
456	1.5069764376820471e-05
52	2.0063153277825936e-06
242	2.8932193861298945e-06
394	3.5327832286403454e-05
340	0.00020569044320166462
176	8.583182695568134e-05
468	1.0873710510479814e-05
452	9.503042073107253e-06
390	1.2557703811658864e-05
76	0.0002610931229237072
334	2.324201641830592e-05
124	0.00012359016532906324
466	5.820708764131543e-07
146	0.00011863714622240457
380	6.083051640203938e-06
130	0.00012425395757117888
238	3.435340686083914e-05
314	7.521105831191474e-06
276	1.4550116609361659e-05
306	0.00017375508357347517
144	0.00014343322605668928
224	0.0002130165855588059
356	0.0005394391487098193
362	7.36522781601579e-05
260	8.525801948316445e-05
268	1.77174362681327e-05
472	6.673463687560387e-06
396	1.2537085489246193e-05
414	0.00015503240342751792
78	0.00024275449048887873
458	4.175210288561212e-06
438	0.00024357822734562967
398	2.5772903015809943e-08
300	0.00019426303217011783
214	2.7861342390378036e-06
160	0.0006749280604605889
150	6.962343966157418e-05
412	3.5359454128543904e-05
372	1.1154966973796592e-05
418	9.481564653927417e-06
368	1.5246103961796899e-05
266	2.846758241771502e-05
416	3.449689055496559e-05
244	1.5308308791005965e-06
328	5.003379572135904e-05
470	2.8950392215287465e-07
388	2.503694345191404e-05
378	0.0003841183980790811
428	7.227457460284968e-05
290	1.2424702873616622e-07
178	0.00026638903454250423
128	2.8152393639488082e-05
22	9.83609066526131e-05
408	4.5499830586981455e-05
228	7.51852854088989e-05
318	5.8156071442799264e-05
240	1.669702294639065e-05
358	0.00011190617943554448
210	0.00011374441825067884
232	0.00011331019190338927
448	3.767377962135107e-05
190	2.523358115640503e-05
54	0.00013292983534538073
324	1.3655473280720152e-05
424	1.1454623562582199e-08
162	0.00012846374878927865
454	0.0004929329011842096
